 0 0 
  3.335641e-17 0 
  6.671282e-17 0 
  1.000692e-16 0 
  1.334256e-16 0 
  1.667820e-16 0 
  2.001385e-16 0 
  2.334949e-16 0 
  2.668513e-16 0 
  3.002077e-16 0 
  3.335641e-16 0 
  3.669205e-16 0 
  4.002769e-16 0 
  4.336333e-16 0 
  4.669897e-16 0 
  5.003461e-16 0 
  5.337026e-16 0 
  5.670590e-16 0 
  6.004154e-16 0 
  6.337718e-16 0 
  6.671282e-16 0 
  7.004846e-16 0 
  7.338410e-16 0 
  7.671974e-16 0 
  8.005538e-16 0 
  8.339102e-16 0 
  8.672666e-16 0 
  9.006231e-16 0 
  9.339795e-16 0 
  9.673359e-16 0 
  1.000692e-15 0 
  1.034049e-15 0 
  1.067405e-15 0 
  1.100762e-15 0 
  1.134118e-15 0 
  1.167474e-15 0 
  1.200831e-15 0 
  1.234187e-15 0 
  1.267544e-15 0 
  1.300900e-15 0 
  1.334256e-15 0 
  1.367613e-15 0 
  1.400969e-15 0 
  1.434326e-15 0 
  1.467682e-15 0 
  1.501038e-15 0 
  1.534395e-15 0 
  1.567751e-15 0 
  1.601108e-15 0 
  1.634464e-15 0 
  1.667820e-15 0 
  1.701177e-15 0 
  1.734533e-15 0 
  1.767890e-15 0 
  1.801246e-15 0 
  1.834603e-15 0 
  1.867959e-15 0 
  1.901315e-15 0 
  1.934672e-15 0 
  1.968028e-15 0 
  2.001385e-15 0 
  2.034741e-15 0 
  2.068097e-15 0 
  2.101454e-15 0 
  2.134810e-15 0 
  2.168167e-15 0 
  2.201523e-15 0 
  2.234879e-15 0 
  2.268236e-15 0 
  2.301592e-15 0 
  2.334949e-15 0 
  2.368305e-15 0 
  2.401661e-15 0 
  2.435018e-15 0 
  2.468374e-15 0 
  2.501731e-15 0 
  2.535087e-15 0 
  2.568444e-15 0 
  2.601800e-15 0 
  2.635156e-15 0 
  2.668513e-15 0 
  2.701869e-15 0 
  2.735226e-15 0 
  2.768582e-15 0 
  2.801938e-15 0 
  2.835295e-15 0 
  2.868651e-15 0 
  2.902008e-15 0 
  2.935364e-15 0 
  2.968720e-15 0 
  3.002077e-15 0 
  3.035433e-15 0 
  3.068790e-15 0 
  3.102146e-15 0 
  3.135502e-15 0 
  3.168859e-15 0 
  3.202215e-15 0 
  3.235572e-15 0 
  3.268928e-15 0 
  3.302285e-15 0 
  3.335641e-15 0 
  3.368997e-15 0 
  3.402354e-15 0 
  3.435710e-15 0 
  3.469067e-15 0 
  3.502423e-15 0 
  3.535779e-15 0 
  3.569136e-15 0 
  3.602492e-15 0 
  3.635849e-15 0 
  3.669205e-15 0 
  3.702561e-15 0 
  3.735918e-15 0 
  3.769274e-15 0 
  3.802631e-15 0 
  3.835987e-15 0 
  3.869344e-15 0 
  3.902700e-15 0 
  3.936056e-15 0 
  3.969413e-15 0 
  4.002769e-15 0 
  4.036126e-15 0 
  4.069482e-15 0 
  4.102838e-15 0 
  4.136195e-15 0 
  4.169551e-15 0 
  4.202908e-15 0 
  4.236264e-15 0 
  4.269620e-15 0 
  4.302977e-15 0 
  4.336333e-15 0 
  4.369690e-15 0 
  4.403046e-15 0 
  4.436402e-15 0 
  4.469759e-15 0 
  4.503115e-15 0 
  4.536472e-15 0 
  4.569828e-15 0 
  4.603185e-15 0 
  4.636541e-15 0 
  4.669897e-15 0 
  4.703254e-15 0 
  4.736610e-15 0 
  4.769967e-15 0 
  4.803323e-15 0 
  4.836679e-15 0 
  4.870036e-15 0 
  4.903392e-15 0 
  4.936749e-15 0 
  4.970105e-15 0 
  5.003461e-15 0 
  5.036818e-15 0 
  5.070174e-15 0 
  5.103531e-15 0 
  5.136887e-15 0 
  5.170243e-15 0 
  5.203600e-15 0 
  5.236956e-15 0 
  5.270313e-15 0 
  5.303669e-15 0 
  5.337026e-15 0 
  5.370382e-15 0 
  5.403738e-15 0 
  5.437095e-15 0 
  5.470451e-15 0 
  5.503808e-15 0 
  5.537164e-15 0 
  5.570520e-15 0 
  5.603877e-15 0 
  5.637233e-15 0 
  5.670590e-15 0 
  5.703946e-15 0 
  5.737302e-15 0 
  5.770659e-15 0 
  5.804015e-15 0 
  5.837372e-15 0 
  5.870728e-15 0 
  5.904084e-15 0 
  5.937441e-15 0 
  5.970797e-15 0 
  6.004154e-15 0 
  6.037510e-15 0 
  6.070867e-15 0 
  6.104223e-15 0 
  6.137579e-15 0 
  6.170936e-15 0 
  6.204292e-15 0 
  6.237649e-15 0 
  6.271005e-15 0 
  6.304361e-15 0 
  6.337718e-15 0 
  6.371074e-15 0 
  6.404431e-15 0 
  6.437787e-15 0 
  6.471143e-15 0 
  6.504500e-15 0 
  6.537856e-15 0 
  6.571213e-15 0 
  6.604569e-15 0 
  6.637925e-15 0 
  6.671282e-15 0 
  6.704638e-15 0 
  6.737995e-15 0 
  6.771351e-15 0 
  6.804708e-15 0 
  6.838064e-15 0 
  6.871420e-15 0 
  6.904777e-15 0 
  6.938133e-15 0 
  6.971490e-15 0 
  7.004846e-15 0 
  7.038202e-15 0 
  7.071559e-15 0 
  7.104915e-15 0 
  7.138272e-15 0 
  7.171628e-15 0 
  7.204984e-15 0 
  7.238341e-15 0 
  7.271697e-15 0 
  7.305054e-15 0 
  7.338410e-15 0 
  7.371767e-15 0 
  7.405123e-15 0 
  7.438479e-15 0 
  7.471836e-15 0 
  7.505192e-15 0 
  7.538549e-15 0 
  7.571905e-15 0 
  7.605261e-15 0 
  7.638618e-15 0 
  7.671974e-15 0 
  7.705331e-15 0 
  7.738687e-15 0 
  7.772043e-15 0 
  7.805400e-15 0 
  7.838756e-15 0 
  7.872113e-15 0 
  7.905469e-15 0 
  7.938825e-15 0 
  7.972182e-15 0 
  8.005538e-15 0 
  8.038895e-15 0 
  8.072251e-15 0 
  8.105608e-15 0 
  8.138964e-15 0 
  8.172320e-15 0 
  8.205677e-15 0 
  8.239033e-15 0 
  8.272390e-15 0 
  8.305746e-15 0 
  8.339102e-15 0 
  8.372459e-15 0 
  8.405815e-15 0 
  8.439172e-15 0 
  8.472528e-15 0 
  8.505884e-15 0 
  8.539241e-15 0 
  8.572597e-15 0 
  8.605954e-15 0 
  8.639310e-15 0 
  8.672666e-15 0 
  8.706023e-15 0 
  8.739379e-15 0 
  8.772736e-15 0 
  8.806092e-15 0 
  8.839449e-15 0 
  8.872805e-15 0 
  8.906161e-15 0 
  8.939518e-15 0 
  8.972874e-15 0 
  9.006231e-15 0 
  9.039587e-15 0 
  9.072943e-15 0 
  9.106300e-15 0 
  9.139656e-15 0 
  9.173013e-15 0 
  9.206369e-15 0 
  9.239725e-15 0 
  9.273082e-15 0 
  9.306438e-15 0 
  9.339795e-15 0 
  9.373151e-15 0 
  9.406507e-15 0 
  9.439864e-15 0 
  9.473220e-15 0 
  9.506577e-15 0 
  9.539933e-15 0 
  9.573290e-15 0 
  9.606646e-15 0 
  9.640002e-15 0 
  9.673359e-15 0 
  9.706715e-15 0 
  9.740072e-15 0 
  9.773428e-15 0 
  9.806784e-15 0 
  9.840141e-15 0 
  9.873497e-15 0 
  9.906854e-15 0 
  9.940210e-15 0 
  9.973566e-15 0 
  1.000692e-14 0 
  1.004028e-14 0 
  1.007364e-14 0 
  1.010699e-14 0 
  1.014035e-14 0 
  1.017370e-14 0 
  1.020706e-14 0 
  1.024042e-14 0 
  1.027377e-14 0 
  1.030713e-14 0 
  1.034049e-14 0 
  1.037384e-14 0 
  1.040720e-14 0 
  1.044056e-14 0 
  1.047391e-14 0 
  1.050727e-14 0 
  1.054063e-14 0 
  1.057398e-14 0 
  1.060734e-14 0 
  1.064069e-14 0 
  1.067405e-14 0 
  1.070741e-14 0 
  1.074076e-14 0 
  1.077412e-14 0 
  1.080748e-14 0 
  1.084083e-14 0 
  1.087419e-14 0 
  1.090755e-14 0 
  1.094090e-14 0 
  1.097426e-14 0 
  1.100762e-14 0 
  1.104097e-14 0 
  1.107433e-14 0 
  1.110768e-14 0 
  1.114104e-14 0 
  1.117440e-14 0 
  1.120775e-14 0 
  1.124111e-14 0 
  1.127447e-14 0 
  1.130782e-14 0 
  1.134118e-14 0 
  1.137454e-14 0 
  1.140789e-14 0 
  1.144125e-14 0 
  1.147460e-14 0 
  1.150796e-14 0 
  1.154132e-14 0 
  1.157467e-14 0 
  1.160803e-14 0 
  1.164139e-14 0 
  1.167474e-14 0 
  1.170810e-14 0 
  1.174146e-14 0 
  1.177481e-14 0 
  1.180817e-14 0 
  1.184153e-14 0 
  1.187488e-14 0 
  1.190824e-14 0 
  1.194159e-14 0 
  1.197495e-14 0 
  1.200831e-14 0 
  1.204166e-14 0 
  1.207502e-14 0 
  1.210838e-14 0 
  1.214173e-14 0 
  1.217509e-14 0 
  1.220845e-14 0 
  1.224180e-14 0 
  1.227516e-14 0 
  1.230852e-14 0 
  1.234187e-14 0 
  1.237523e-14 0 
  1.240858e-14 0 
  1.244194e-14 0 
  1.247530e-14 0 
  1.250865e-14 0 
  1.254201e-14 0 
  1.257537e-14 0 
  1.260872e-14 0 
  1.264208e-14 0 
  1.267544e-14 0 
  1.270879e-14 0 
  1.274215e-14 0 
  1.277550e-14 0 
  1.280886e-14 0 
  1.284222e-14 0 
  1.287557e-14 0 
  1.290893e-14 0 
  1.294229e-14 0 
  1.297564e-14 0 
  1.300900e-14 0 
  1.304236e-14 0 
  1.307571e-14 0 
  1.310907e-14 0 
  1.314243e-14 0 
  1.317578e-14 0 
  1.320914e-14 0 
  1.324249e-14 0 
  1.327585e-14 0 
  1.330921e-14 0 
  1.334256e-14 0 
  1.337592e-14 0 
  1.340928e-14 0 
  1.344263e-14 0 
  1.347599e-14 0 
  1.350935e-14 0 
  1.354270e-14 0 
  1.357606e-14 0 
  1.360942e-14 0 
  1.364277e-14 0 
  1.367613e-14 0 
  1.370948e-14 0 
  1.374284e-14 0 
  1.377620e-14 0 
  1.380955e-14 0 
  1.384291e-14 0 
  1.387627e-14 0 
  1.390962e-14 0 
  1.394298e-14 0 
  1.397634e-14 0 
  1.400969e-14 0 
  1.404305e-14 0 
  1.407640e-14 0 
  1.410976e-14 0 
  1.414312e-14 0 
  1.417647e-14 0 
  1.420983e-14 0 
  1.424319e-14 0 
  1.427654e-14 0 
  1.430990e-14 0 
  1.434326e-14 0 
  1.437661e-14 0 
  1.440997e-14 0 
  1.444333e-14 0 
  1.447668e-14 0 
  1.451004e-14 0 
  1.454339e-14 0 
  1.457675e-14 0 
  1.461011e-14 0 
  1.464346e-14 0 
  1.467682e-14 0 
  1.471018e-14 0 
  1.474353e-14 0 
  1.477689e-14 0 
  1.481025e-14 0 
  1.484360e-14 0 
  1.487696e-14 0 
  1.491032e-14 0 
  1.494367e-14 0 
  1.497703e-14 0 
  1.501038e-14 0 
  1.504374e-14 0 
  1.507710e-14 0 
  1.511045e-14 0 
  1.514381e-14 0 
  1.517717e-14 0 
  1.521052e-14 0 
  1.524388e-14 0 
  1.527724e-14 0 
  1.531059e-14 0 
  1.534395e-14 0 
  1.537730e-14 0 
  1.541066e-14 0 
  1.544402e-14 0 
  1.547737e-14 0 
  1.551073e-14 0 
  1.554409e-14 0 
  1.557744e-14 0 
  1.561080e-14 0 
  1.564416e-14 0 
  1.567751e-14 0 
  1.571087e-14 0 
  1.574423e-14 0 
  1.577758e-14 0 
  1.581094e-14 0 
  1.584429e-14 0 
  1.587765e-14 0 
  1.591101e-14 0 
  1.594436e-14 0 
  1.597772e-14 0 
  1.601108e-14 0 
  1.604443e-14 0 
  1.607779e-14 0 
  1.611115e-14 0 
  1.614450e-14 0 
  1.617786e-14 0 
  1.621122e-14 0 
  1.624457e-14 0 
  1.627793e-14 0 
  1.631128e-14 0 
  1.634464e-14 0 
  1.637800e-14 0 
  1.641135e-14 0 
  1.644471e-14 0 
  1.647807e-14 0 
  1.651142e-14 0 
  1.654478e-14 0 
  1.657814e-14 0 
  1.661149e-14 0 
  1.664485e-14 0 
  1.667820e-14 0 
  1.671156e-14 0 
  1.674492e-14 0 
  1.677827e-14 0 
  1.681163e-14 0 
  1.684499e-14 0 
  1.687834e-14 0 
  1.691170e-14 0 
  1.694506e-14 0 
  1.697841e-14 0 
  1.701177e-14 0 
  1.704513e-14 0 
  1.707848e-14 0 
  1.711184e-14 0 
  1.714519e-14 0 
  1.717855e-14 0 
  1.721191e-14 0 
  1.724526e-14 0 
  1.727862e-14 0 
  1.731198e-14 0 
  1.734533e-14 0 
  1.737869e-14 0 
  1.741205e-14 0 
  1.744540e-14 0 
  1.747876e-14 0 
  1.751211e-14 0 
  1.754547e-14 0 
  1.757883e-14 0 
  1.761218e-14 0 
  1.764554e-14 0 
  1.767890e-14 0 
  1.771225e-14 0 
  1.774561e-14 0 
  1.777897e-14 0 
  1.781232e-14 0 
  1.784568e-14 0 
  1.787904e-14 0 
  1.791239e-14 0 
  1.794575e-14 0 
  1.797910e-14 0 
  1.801246e-14 0 
  1.804582e-14 0 
  1.807917e-14 0 
  1.811253e-14 0 
  1.814589e-14 0 
  1.817924e-14 0 
  1.821260e-14 0 
  1.824596e-14 0 
  1.827931e-14 0 
  1.831267e-14 0 
  1.834603e-14 0 
  1.837938e-14 0 
  1.841274e-14 0 
  1.844609e-14 0 
  1.847945e-14 0 
  1.851281e-14 0 
  1.854616e-14 0 
  1.857952e-14 0 
  1.861288e-14 0 
  1.864623e-14 0 
  1.867959e-14 0 
  1.871295e-14 0 
  1.874630e-14 0 
  1.877966e-14 0 
  1.881301e-14 0 
  1.884637e-14 0 
  1.887973e-14 0 
  1.891308e-14 0 
  1.894644e-14 0 
  1.897980e-14 0 
  1.901315e-14 0 
  1.904651e-14 0 
  1.907987e-14 0 
  1.911322e-14 0 
  1.914658e-14 0 
  1.917994e-14 0 
  1.921329e-14 0 
  1.924665e-14 0 
  1.928000e-14 0 
  1.931336e-14 0 
  1.934672e-14 0 
  1.938007e-14 0 
  1.941343e-14 0 
  1.944679e-14 0 
  1.948014e-14 0 
  1.951350e-14 0 
  1.954686e-14 0 
  1.958021e-14 0 
  1.961357e-14 0 
  1.964693e-14 0 
  1.968028e-14 0 
  1.971364e-14 0 
  1.974699e-14 0 
  1.978035e-14 0 
  1.981371e-14 0 
  1.984706e-14 0 
  1.988042e-14 0 
  1.991378e-14 0 
  1.994713e-14 0 
  1.998049e-14 0 
  2.001385e-14 0 
  2.004720e-14 0 
  2.008056e-14 0 
  2.011391e-14 0 
  2.014727e-14 0 
  2.018063e-14 0 
  2.021398e-14 0 
  2.024734e-14 0 
  2.028070e-14 0 
  2.031405e-14 0 
  2.034741e-14 0 
  2.038077e-14 0 
  2.041412e-14 0 
  2.044748e-14 0 
  2.048084e-14 0 
  2.051419e-14 0 
  2.054755e-14 0 
  2.058090e-14 0 
  2.061426e-14 0 
  2.064762e-14 0 
  2.068097e-14 0 
  2.071433e-14 0 
  2.074769e-14 0 
  2.078104e-14 0 
  2.081440e-14 0 
  2.084776e-14 0 
  2.088111e-14 0 
  2.091447e-14 0 
  2.094783e-14 0 
  2.098118e-14 0 
  2.101454e-14 0 
  2.104789e-14 0 
  2.108125e-14 0 
  2.111461e-14 0 
  2.114796e-14 0 
  2.118132e-14 0 
  2.121468e-14 0 
  2.124803e-14 0 
  2.128139e-14 0 
  2.131475e-14 0 
  2.134810e-14 0 
  2.138146e-14 0 
  2.141481e-14 0 
  2.144817e-14 0 
  2.148153e-14 0 
  2.151488e-14 0 
  2.154824e-14 0 
  2.158160e-14 0 
  2.161495e-14 0 
  2.164831e-14 0 
  2.168167e-14 0 
  2.171502e-14 0 
  2.174838e-14 0 
  2.178174e-14 0 
  2.181509e-14 0 
  2.184845e-14 0 
  2.188180e-14 0 
  2.191516e-14 0 
  2.194852e-14 0 
  2.198187e-14 0 
  2.201523e-14 0 
  2.204859e-14 0 
  2.208194e-14 0 
  2.211530e-14 0 
  2.214866e-14 0 
  2.218201e-14 0 
  2.221537e-14 0 
  2.224873e-14 0 
  2.228208e-14 0 
  2.231544e-14 0 
  2.234879e-14 0 
  2.238215e-14 0 
  2.241551e-14 0 
  2.244886e-14 0 
  2.248222e-14 0 
  2.251558e-14 0 
  2.254893e-14 0 
  2.258229e-14 0 
  2.261565e-14 0 
  2.264900e-14 0 
  2.268236e-14 0 
  2.271571e-14 0 
  2.274907e-14 0 
  2.278243e-14 0 
  2.281578e-14 0 
  2.284914e-14 0 
  2.288250e-14 0 
  2.291585e-14 0 
  2.294921e-14 0 
  2.298257e-14 0 
  2.301592e-14 0 
  2.304928e-14 0 
  2.308264e-14 0 
  2.311599e-14 0 
  2.314935e-14 0 
  2.318270e-14 0 
  2.321606e-14 0 
  2.324942e-14 0 
  2.328277e-14 0 
  2.331613e-14 0 
  2.334949e-14 0 
  2.338284e-14 0 
  2.341620e-14 0 
  2.344956e-14 0 
  2.348291e-14 0 
  2.351627e-14 0 
  2.354963e-14 0 
  2.358298e-14 0 
  2.361634e-14 0 
  2.364969e-14 0 
  2.368305e-14 0 
  2.371641e-14 0 
  2.374976e-14 0 
  2.378312e-14 0 
  2.381648e-14 0 
  2.384983e-14 0 
  2.388319e-14 0 
  2.391655e-14 0 
  2.394990e-14 0 
  2.398326e-14 0 
  2.401661e-14 0 
  2.404997e-14 0 
  2.408333e-14 0 
  2.411668e-14 0 
  2.415004e-14 0 
  2.418340e-14 0 
  2.421675e-14 0 
  2.425011e-14 0 
  2.428347e-14 0 
  2.431682e-14 0 
  2.435018e-14 0 
  2.438354e-14 0 
  2.441689e-14 0 
  2.445025e-14 0 
  2.448360e-14 0 
  2.451696e-14 0 
  2.455032e-14 0 
  2.458367e-14 0 
  2.461703e-14 0 
  2.465039e-14 0 
  2.468374e-14 0 
  2.471710e-14 0 
  2.475046e-14 0 
  2.478381e-14 0 
  2.481717e-14 0 
  2.485053e-14 0 
  2.488388e-14 0 
  2.491724e-14 0 
  2.495059e-14 0 
  2.498395e-14 0 
  2.501731e-14 0 
  2.505066e-14 0 
  2.508402e-14 0 
  2.511738e-14 0 
  2.515073e-14 0 
  2.518409e-14 0 
  2.521745e-14 0 
  2.525080e-14 0 
  2.528416e-14 0 
  2.531751e-14 0 
  2.535087e-14 0 
  2.538423e-14 0 
  2.541758e-14 0 
  2.545094e-14 0 
  2.548430e-14 0 
  2.551765e-14 0 
  2.555101e-14 0 
  2.558437e-14 0 
  2.561772e-14 0 
  2.565108e-14 0 
  2.568444e-14 0 
  2.571779e-14 0 
  2.575115e-14 0 
  2.578450e-14 0 
  2.581786e-14 0 
  2.585122e-14 0 
  2.588457e-14 0 
  2.591793e-14 0 
  2.595129e-14 0 
  2.598464e-14 0 
  2.601800e-14 0 
  2.605136e-14 0 
  2.608471e-14 0 
  2.611807e-14 0 
  2.615143e-14 0 
  2.618478e-14 0 
  2.621814e-14 0 
  2.625149e-14 0 
  2.628485e-14 0 
  2.631821e-14 0 
  2.635156e-14 0 
  2.638492e-14 0 
  2.641828e-14 0 
  2.645163e-14 0 
  2.648499e-14 0 
  2.651835e-14 0 
  2.655170e-14 0 
  2.658506e-14 0 
  2.661841e-14 0 
  2.665177e-14 0 
  2.668513e-14 0 
  2.671848e-14 0 
  2.675184e-14 0 
  2.678520e-14 0 
  2.681855e-14 0 
  2.685191e-14 0 
  2.688527e-14 0 
  2.691862e-14 0 
  2.695198e-14 0 
  2.698534e-14 0 
  2.701869e-14 0 
  2.705205e-14 0 
  2.708540e-14 0 
  2.711876e-14 0 
  2.715212e-14 0 
  2.718547e-14 0 
  2.721883e-14 0 
  2.725219e-14 0 
  2.728554e-14 0 
  2.731890e-14 0 
  2.735226e-14 0 
  2.738561e-14 0 
  2.741897e-14 0 
  2.745233e-14 0 
  2.748568e-14 0 
  2.751904e-14 0 
  2.755239e-14 0 
  2.758575e-14 0 
  2.761911e-14 0 
  2.765246e-14 0 
  2.768582e-14 0 
  2.771918e-14 0 
  2.775253e-14 0 
  2.778589e-14 0 
  2.781925e-14 0 
  2.785260e-14 0 
  2.788596e-14 0 
  2.791931e-14 0 
  2.795267e-14 0 
  2.798603e-14 0 
  2.801938e-14 0 
  2.805274e-14 0 
  2.808610e-14 0 
  2.811945e-14 0 
  2.815281e-14 0 
  2.818617e-14 0 
  2.821952e-14 0 
  2.825288e-14 0 
  2.828624e-14 0 
  2.831959e-14 0 
  2.835295e-14 0 
  2.838630e-14 0 
  2.841966e-14 0 
  2.845302e-14 0 
  2.848637e-14 0 
  2.851973e-14 0 
  2.855309e-14 0 
  2.858644e-14 0 
  2.861980e-14 0 
  2.865316e-14 0 
  2.868651e-14 0 
  2.871987e-14 0 
  2.875323e-14 0 
  2.878658e-14 0 
  2.881994e-14 0 
  2.885329e-14 0 
  2.888665e-14 0 
  2.892001e-14 0 
  2.895336e-14 0 
  2.898672e-14 0 
  2.902008e-14 0 
  2.905343e-14 0 
  2.908679e-14 0 
  2.912015e-14 0 
  2.915350e-14 0 
  2.918686e-14 0 
  2.922021e-14 0 
  2.925357e-14 0 
  2.928693e-14 0 
  2.932028e-14 0 
  2.935364e-14 0 
  2.938700e-14 0 
  2.942035e-14 0 
  2.945371e-14 0 
  2.948707e-14 0 
  2.952042e-14 0 
  2.955378e-14 0 
  2.958714e-14 0 
  2.962049e-14 0 
  2.965385e-14 0 
  2.968720e-14 0 
  2.972056e-14 0 
  2.975392e-14 0 
  2.978727e-14 0 
  2.982063e-14 0 
  2.985399e-14 0 
  2.988734e-14 0 
  2.992070e-14 0 
  2.995406e-14 0 
  2.998741e-14 0 
  3.002077e-14 0 
  3.005412e-14 0 
  3.008748e-14 0 
  3.012084e-14 0 
  3.015419e-14 0 
  3.018755e-14 0 
  3.022091e-14 0 
  3.025426e-14 0 
  3.028762e-14 0 
  3.032098e-14 0 
  3.035433e-14 0 
  3.038769e-14 0 
  3.042105e-14 0 
  3.045440e-14 0 
  3.048776e-14 0 
  3.052111e-14 0 
  3.055447e-14 0 
  3.058783e-14 0 
  3.062118e-14 0 
  3.065454e-14 0 
  3.068790e-14 0 
  3.072125e-14 0 
  3.075461e-14 0 
  3.078797e-14 0 
  3.082132e-14 0 
  3.085468e-14 0 
  3.088804e-14 0 
  3.092139e-14 0 
  3.095475e-14 0 
  3.098810e-14 0 
  3.102146e-14 0 
  3.105482e-14 0 
  3.108817e-14 0 
  3.112153e-14 0 
  3.115489e-14 0 
  3.118824e-14 0 
  3.122160e-14 0 
  3.125496e-14 0 
  3.128831e-14 0 
  3.132167e-14 0 
  3.135502e-14 0 
  3.138838e-14 0 
  3.142174e-14 0 
  3.145509e-14 0 
  3.148845e-14 0 
  3.152181e-14 0 
  3.155516e-14 0 
  3.158852e-14 0 
  3.162188e-14 0 
  3.165523e-14 0 
  3.168859e-14 0 
  3.172195e-14 0 
  3.175530e-14 0 
  3.178866e-14 0 
  3.182201e-14 0 
  3.185537e-14 0 
  3.188873e-14 0 
  3.192208e-14 0 
  3.195544e-14 0 
  3.198880e-14 0 
  3.202215e-14 0 
  3.205551e-14 0 
  3.208887e-14 0 
  3.212222e-14 0 
  3.215558e-14 0 
  3.218894e-14 0 
  3.222229e-14 0 
  3.225565e-14 0 
  3.228900e-14 0 
  3.232236e-14 0 
  3.235572e-14 0 
  3.238907e-14 0 
  3.242243e-14 0 
  3.245579e-14 0 
  3.248914e-14 0 
  3.252250e-14 0 
  3.255586e-14 0 
  3.258921e-14 0 
  3.262257e-14 0 
  3.265592e-14 0 
  3.268928e-14 0 
  3.272264e-14 0 
  3.275599e-14 0 
  3.278935e-14 0 
  3.282271e-14 0 
  3.285606e-14 0 
  3.288942e-14 0 
  3.292278e-14 0 
  3.295613e-14 0 
  3.298949e-14 0 
  3.302285e-14 0 
  3.305620e-14 0 
  3.308956e-14 0 
  3.312291e-14 0 
  3.315627e-14 0 
  3.318963e-14 0 
  3.322298e-14 0 
  3.325634e-14 0 
  3.328970e-14 0 
  3.332305e-14 0 
  3.335641e-14 0 
  3.338977e-14 0 
  3.342312e-14 0 
  3.345648e-14 0 
  3.348984e-14 0 
  3.352319e-14 0 
  3.355655e-14 0 
  3.358990e-14 0 
  3.362326e-14 0 
  3.365662e-14 0 
  3.368997e-14 0 
  3.372333e-14 0 
  3.375669e-14 0 
  3.379004e-14 0 
  3.382340e-14 0 
  3.385676e-14 0 
  3.389011e-14 0 
  3.392347e-14 0 
  3.395682e-14 0 
  3.399018e-14 0 
  3.402354e-14 0 
  3.405689e-14 0 
  3.409025e-14 0 
  3.412361e-14 0 
  3.415696e-14 0 
  3.419032e-14 0 
  3.422368e-14 0 
  3.425703e-14 0 
  3.429039e-14 0 
  3.432375e-14 0 
  3.435710e-14 0 
  3.439046e-14 0 
  3.442381e-14 0 
  3.445717e-14 0 
  3.449053e-14 0 
  3.452388e-14 0 
  3.455724e-14 0 
  3.459060e-14 0 
  3.462395e-14 0 
  3.465731e-14 0 
  3.469067e-14 0 
  3.472402e-14 0 
  3.475738e-14 0 
  3.479074e-14 0 
  3.482409e-14 0 
  3.485745e-14 0 
  3.489080e-14 0 
  3.492416e-14 0 
  3.495752e-14 0 
  3.499087e-14 0 
  3.502423e-14 0 
  3.505759e-14 0 
  3.509094e-14 0 
  3.512430e-14 0 
  3.515766e-14 0 
  3.519101e-14 0 
  3.522437e-14 0 
  3.525772e-14 0 
  3.529108e-14 0 
  3.532444e-14 0 
  3.535779e-14 0 
  3.539115e-14 0 
  3.542451e-14 0 
  3.545786e-14 0 
  3.549122e-14 -2.317667e-06 
  3.552458e-14 -2.409140e-06 
  3.555793e-14 -2.488046e-06 
  3.559129e-14 -2.553623e-06 
  3.562465e-14 -2.605219e-06 
  3.565800e-14 -2.642325e-06 
  3.569136e-14 -2.664588e-06 
  3.572471e-14 -2.671806e-06 
  3.575807e-14 -2.663911e-06 
  3.579143e-14 -2.640950e-06 
  3.582478e-14 -2.603092e-06 
  3.585814e-14 -2.550627e-06 
  3.589150e-14 -2.483979e-06 
  3.592485e-14 -2.403700e-06 
  3.595821e-14 -2.310457e-06 
  3.599157e-14 -2.205018e-06 
  3.602492e-14 -2.088245e-06 
  3.605828e-14 -1.961096e-06 
  3.609164e-14 -1.824628e-06 
  3.612499e-14 -1.679983e-06 
  3.615835e-14 -1.528374e-06 
  3.619170e-14 -1.371061e-06 
  3.622506e-14 -1.209331e-06 
  3.625842e-14 -1.044494e-06 
  3.629177e-14 -8.778690e-07 
  3.632513e-14 -7.107780e-07 
  3.635849e-14 -5.445259e-07 
  3.639184e-14 -3.803840e-07 
  3.642520e-14 -2.195779e-07 
  3.645856e-14 -6.328191e-08 
  3.649191e-14 8.738466e-08 
  3.652527e-14 2.313651e-07 
  3.655862e-14 3.676782e-07 
  3.659198e-14 4.954316e-07 
  3.662534e-14 6.138321e-07 
  3.665869e-14 7.221894e-07 
  3.669205e-14 8.199177e-07 
  3.672541e-14 9.065396e-07 
  3.675876e-14 9.816922e-07 
  3.679212e-14 1.045133e-06 
  3.682548e-14 1.096740e-06 
  3.685883e-14 1.136509e-06 
  3.689219e-14 1.164544e-06 
  3.692555e-14 1.181052e-06 
  3.695890e-14 1.186341e-06 
  3.699226e-14 1.180816e-06 
  3.702561e-14 1.164976e-06 
  3.705897e-14 1.139405e-06 
  3.709233e-14 1.104761e-06 
  3.712568e-14 1.061766e-06 
  3.715904e-14 1.011206e-06 
  3.719240e-14 9.539176e-07 
  3.722575e-14 8.907807e-07 
  3.725911e-14 8.227052e-07 
  3.729247e-14 7.506167e-07 
  3.732582e-14 6.754444e-07 
  3.735918e-14 5.981119e-07 
  3.739254e-14 5.195297e-07 
  3.742589e-14 4.405862e-07 
  3.745925e-14 3.621377e-07 
  3.749260e-14 2.849991e-07 
  3.752596e-14 2.099362e-07 
  3.755932e-14 1.376604e-07 
  3.759267e-14 6.882389e-08 
  3.762603e-14 4.013665e-09 
  3.765939e-14 -5.625455e-08 
  3.769274e-14 -1.115421e-07 
  3.772610e-14 -1.614903e-07 
  3.775946e-14 -2.058211e-07 
  3.779281e-14 -2.443364e-07 
  3.782617e-14 -2.769179e-07 
  3.785952e-14 -3.035265e-07 
  3.789288e-14 -3.242018e-07 
  3.792624e-14 -3.390588e-07 
  3.795959e-14 -3.482833e-07 
  3.799295e-14 -3.521256e-07 
  3.802631e-14 -3.508952e-07 
  3.805966e-14 -3.449561e-07 
  3.809302e-14 -3.347203e-07 
  3.812638e-14 -3.206419e-07 
  3.815973e-14 -3.032086e-07 
  3.819309e-14 -2.829341e-07 
  3.822645e-14 -2.603505e-07 
  3.825980e-14 -2.360014e-07 
  3.829316e-14 -2.104352e-07 
  3.832651e-14 -1.841972e-07 
  3.835987e-14 -1.578214e-07 
  3.839323e-14 -1.318219e-07 
  3.842658e-14 -1.066862e-07 
  3.845994e-14 -8.287013e-08 
  3.849330e-14 -6.079269e-08 
  3.852665e-14 -4.083249e-08 
  3.856001e-14 -2.332319e-08 
  3.859337e-14 -8.549647e-09 
  3.862672e-14 3.255154e-09 
  3.866008e-14 1.191185e-08 
  3.869344e-14 1.729564e-08 
  3.872679e-14 1.933701e-08 
  3.876015e-14 1.802231e-08 
  3.879350e-14 1.339398e-08 
  3.882686e-14 5.549316e-09 
  3.886022e-14 -5.362410e-09 
  3.889357e-14 -1.914409e-08 
  3.892693e-14 -3.555530e-08 
  3.896029e-14 -5.431642e-08 
  3.899364e-14 -7.511266e-08 
  3.902700e-14 -9.759852e-08 
  3.906036e-14 -1.214035e-07 
  3.909371e-14 -1.461385e-07 
  3.912707e-14 -1.714023e-07 
  3.916042e-14 -1.967872e-07 
  3.919378e-14 -2.218833e-07 
  3.922714e-14 -2.462840e-07 
  3.926049e-14 -2.695910e-07 
  3.929385e-14 -2.914213e-07 
  3.932721e-14 -3.114130e-07 
  3.936056e-14 -3.292304e-07 
  3.939392e-14 -3.445680e-07 
  3.942728e-14 -3.571537e-07 
  3.946063e-14 -3.667530e-07 
  3.949399e-14 -3.731732e-07 
  3.952735e-14 -3.762665e-07 
  3.956070e-14 -3.759313e-07 
  3.959406e-14 -3.721121e-07 
  3.962741e-14 -3.647984e-07 
  3.966077e-14 -3.540241e-07 
  3.969413e-14 -3.398682e-07 
  3.972748e-14 -3.224546e-07 
  3.976084e-14 -3.019502e-07 
  3.979420e-14 -2.785620e-07 
  3.982755e-14 -2.525331e-07 
  3.986091e-14 -2.241397e-07 
  3.989427e-14 -1.936883e-07 
  3.992762e-14 -1.615124e-07 
  3.996098e-14 -1.279680e-07 
  3.999434e-14 -9.342716e-08 
  4.002769e-14 -5.827259e-08 
  4.006105e-14 -2.289223e-08 
  4.009440e-14 1.232437e-08 
  4.012776e-14 4.699009e-08 
  4.016112e-14 8.072531e-08 
  4.019447e-14 1.131638e-07 
  4.022783e-14 1.439586e-07 
  4.026119e-14 1.727858e-07 
  4.029454e-14 1.993477e-07 
  4.032790e-14 2.233752e-07 
  4.036126e-14 2.446307e-07 
  4.039461e-14 2.629120e-07 
  4.042797e-14 2.780552e-07 
  4.046132e-14 2.899360e-07 
  4.049468e-14 2.984701e-07 
  4.052804e-14 3.036131e-07 
  4.056139e-14 3.053608e-07 
  4.059475e-14 3.037496e-07 
  4.062811e-14 2.988563e-07 
  4.066146e-14 2.907964e-07 
  4.069482e-14 2.797211e-07 
  4.072818e-14 2.658142e-07 
  4.076153e-14 2.492896e-07 
  4.079489e-14 2.303890e-07 
  4.082825e-14 2.093792e-07 
  4.086160e-14 1.865479e-07 
  4.089496e-14 1.621990e-07 
  4.092831e-14 1.366480e-07 
  4.096167e-14 1.102174e-07 
  4.099503e-14 8.323355e-08 
  4.102838e-14 5.602232e-08 
  4.106174e-14 2.890506e-08 
  4.109510e-14 2.193840e-09 
  4.112845e-14 -2.381270e-08 
  4.116181e-14 -4.883263e-08 
  4.119517e-14 -7.260348e-08 
  4.122852e-14 -9.488508e-08 
  4.126188e-14 -1.154626e-07 
  4.129523e-14 -1.341499e-07 
  4.132859e-14 -1.507912e-07 
  4.136195e-14 -1.652631e-07 
  4.139530e-14 -1.774745e-07 
  4.142866e-14 -1.873673e-07 
  4.146202e-14 -1.949167e-07 
  4.149537e-14 -2.001313e-07 
  4.152873e-14 -2.030524e-07 
  4.156209e-14 -2.037527e-07 
  4.159544e-14 -2.023345e-07 
  4.162880e-14 -1.989272e-07 
  4.166216e-14 -1.936853e-07 
  4.169551e-14 -1.867860e-07 
  4.172887e-14 -1.784261e-07 
  4.176222e-14 -1.688192e-07 
  4.179558e-14 -1.581915e-07 
  4.182894e-14 -1.467784e-07 
  4.186229e-14 -1.348217e-07 
  4.189565e-14 -1.225661e-07 
  4.192901e-14 -1.102558e-07 
  4.196236e-14 -9.813101e-08 
  4.199572e-14 -8.642375e-08 
  4.202908e-14 -7.535459e-08 
  4.206243e-14 -6.512939e-08 
  4.209579e-14 -5.593670e-08 
  4.212915e-14 -4.794530e-08 
  4.216250e-14 -4.130195e-08 
  4.219586e-14 -3.612932e-08 
  4.222921e-14 -3.252435e-08 
  4.226257e-14 -3.055718e-08 
  4.229593e-14 -3.027065e-08 
  4.232928e-14 -3.168003e-08 
  4.236264e-14 -3.477296e-08 
  4.239600e-14 -3.950955e-08 
  4.242935e-14 -4.582279e-08 
  4.246271e-14 -5.361983e-08 
  4.249607e-14 -6.278368e-08 
  4.252942e-14 -7.317553e-08 
  4.256278e-14 -8.463691e-08 
  4.259613e-14 -9.699189e-08 
  4.262949e-14 -1.100493e-07 
  4.266285e-14 -1.236055e-07 
  4.269620e-14 -1.374475e-07 
  4.272956e-14 -1.513566e-07 
  4.276292e-14 -1.651116e-07 
  4.279627e-14 -1.784917e-07 
  4.282963e-14 -1.912792e-07 
  4.286299e-14 -2.032626e-07 
  4.289634e-14 -2.142398e-07 
  4.292970e-14 -2.240215e-07 
  4.296306e-14 -2.324343e-07 
  4.299641e-14 -2.393225e-07 
  4.302977e-14 -2.445503e-07 
  4.306312e-14 -2.480031e-07 
  4.309648e-14 -2.495893e-07 
  4.312984e-14 -2.492429e-07 
  4.316319e-14 -2.469237e-07 
  4.319655e-14 -2.426178e-07 
  4.322991e-14 -2.363374e-07 
  4.326326e-14 -2.281197e-07 
  4.329662e-14 -2.180275e-07 
  4.332998e-14 -2.061486e-07 
  4.336333e-14 -1.925953e-07 
  4.339669e-14 -1.775028e-07 
  4.343005e-14 -1.610264e-07 
  4.346340e-14 -1.433393e-07 
  4.349676e-14 -1.246306e-07 
  4.353011e-14 -1.051038e-07 
  4.356347e-14 -8.497353e-08 
  4.359683e-14 -6.446274e-08 
  4.363018e-14 -4.379882e-08 
  4.366354e-14 -2.321040e-08 
  4.369690e-14 -2.924826e-09 
  4.373025e-14 1.683402e-08 
  4.376361e-14 3.584823e-08 
  4.379697e-14 5.390896e-08 
  4.383032e-14 7.081970e-08 
  4.386368e-14 8.639896e-08 
  4.389703e-14 1.004820e-07 
  4.393039e-14 1.129223e-07 
  4.396375e-14 1.235932e-07 
  4.399710e-14 1.323898e-07 
  4.403046e-14 1.392308e-07 
  4.406382e-14 1.440600e-07 
  4.409717e-14 1.468464e-07 
  4.413053e-14 1.475834e-07 
  4.416389e-14 1.462891e-07 
  4.419724e-14 1.430058e-07 
  4.423060e-14 1.377995e-07 
  4.426396e-14 1.307593e-07 
  4.429731e-14 1.219949e-07 
  4.433067e-14 1.116350e-07 
  4.436402e-14 9.982513e-08 
  4.439738e-14 8.672599e-08 
  4.443074e-14 7.251199e-08 
  4.446409e-14 5.736892e-08 
  4.449745e-14 4.149112e-08 
  4.453081e-14 2.507848e-08 
  4.456416e-14 8.333626e-09 
  4.459752e-14 -8.540516e-09 
  4.463088e-14 -2.534316e-08 
  4.466423e-14 -4.187835e-08 
  4.469759e-14 -5.795786e-08 
  4.473095e-14 -7.340387e-08 
  4.476430e-14 -8.805114e-08 
  4.479766e-14 -1.017487e-07 
  4.483101e-14 -1.143614e-07 
  4.486437e-14 -1.257712e-07 
  4.489773e-14 -1.358790e-07 
  4.493108e-14 -1.446056e-07 
  4.496444e-14 -1.518923e-07 
  4.499780e-14 -1.577018e-07 
  4.503115e-14 -1.620175e-07 
  4.506451e-14 -1.648442e-07 
  4.509787e-14 -1.662077e-07 
  4.513122e-14 -1.661545e-07 
  4.516458e-14 -1.647506e-07 
  4.519793e-14 -1.620802e-07 
  4.523129e-14 -1.582439e-07 
  4.526465e-14 -1.533569e-07 
  4.529800e-14 -1.475473e-07 
  4.533136e-14 -1.409541e-07 
  4.536472e-14 -1.337246e-07 
  4.539807e-14 -1.260128e-07 
  4.543143e-14 -1.179765e-07 
  4.546479e-14 -1.097756e-07 
  4.549814e-14 -1.015696e-07 
  4.553150e-14 -9.351564e-08 
  4.556486e-14 -8.576591e-08 
  4.559821e-14 -7.846552e-08 
  4.563157e-14 -7.175005e-08 
  4.566492e-14 -6.574369e-08 
  4.569828e-14 -6.055743e-08 
  4.573164e-14 -5.628768e-08 
  4.576499e-14 -5.301491e-08 
  4.579835e-14 -5.080253e-08 
  4.583171e-14 -4.969599e-08 
  4.586506e-14 -4.972223e-08 
  4.589842e-14 -5.088950e-08 
  4.593178e-14 -5.318750e-08 
  4.596513e-14 -5.658772e-08 
  4.599849e-14 -6.104389e-08 
  4.603185e-14 -6.649258e-08 
  4.606520e-14 -7.285400e-08 
  4.609856e-14 -8.003324e-08 
  4.613191e-14 -8.792177e-08 
  4.616527e-14 -9.639907e-08 
  4.619863e-14 -1.053343e-07 
  4.623198e-14 -1.145879e-07 
  4.626534e-14 -1.240137e-07 
  4.629870e-14 -1.334612e-07 
  4.633205e-14 -1.427781e-07 
  4.636541e-14 -1.518125e-07 
  4.639877e-14 -1.604159e-07 
  4.643212e-14 -1.684441e-07 
  4.646548e-14 -1.757594e-07 
  4.649883e-14 -1.822326e-07 
  4.653219e-14 -1.877449e-07 
  4.656555e-14 -1.921897e-07 
  4.659890e-14 -1.954743e-07 
  4.663226e-14 -1.975209e-07 
  4.666562e-14 -1.982673e-07 
  4.669897e-14 -1.976683e-07 
  4.673233e-14 -1.956965e-07 
  4.676569e-14 -1.923434e-07 
  4.679904e-14 -1.876192e-07 
  4.683240e-14 -1.815524e-07 
  4.686576e-14 -1.741891e-07 
  4.689911e-14 -1.655924e-07 
  4.693247e-14 -1.558421e-07 
  4.696582e-14 -1.450339e-07 
  4.699918e-14 -1.332778e-07 
  4.703254e-14 -1.206968e-07 
  4.706589e-14 -1.074241e-07 
  4.709925e-14 -9.360214e-08 
  4.713261e-14 -7.938106e-08 
  4.716596e-14 -6.491699e-08 
  4.719932e-14 -5.037010e-08 
  4.723268e-14 -3.590207e-08 
  4.726603e-14 -2.167358e-08 
  4.729939e-14 -7.842436e-09 
  4.733275e-14 5.438168e-09 
  4.736610e-14 1.802132e-08 
  4.739946e-14 2.976854e-08 
  4.743281e-14 4.055205e-08 
  4.746617e-14 5.025675e-08 
  4.749953e-14 5.878143e-08 
  4.753288e-14 6.603950e-08 
  4.756624e-14 7.195960e-08 
  4.759960e-14 7.648654e-08 
  4.763295e-14 7.958228e-08 
  4.766631e-14 8.122659e-08 
  4.769967e-14 8.141712e-08 
  4.773302e-14 8.016889e-08 
  4.776638e-14 7.751383e-08 
  4.779973e-14 7.350036e-08 
  4.783309e-14 6.819309e-08 
  4.786645e-14 6.167202e-08 
  4.789980e-14 5.403120e-08 
  4.793316e-14 4.537704e-08 
  4.796652e-14 3.582657e-08 
  4.799987e-14 2.550595e-08 
  4.803323e-14 1.454903e-08 
  4.806659e-14 3.095664e-09 
  4.809994e-14 -8.710351e-09 
  4.813330e-14 -2.072348e-08 
  4.816666e-14 -3.279851e-08 
  4.820001e-14 -4.479232e-08 
  4.823337e-14 -5.656545e-08 
  4.826672e-14 -6.798382e-08 
  4.830008e-14 -7.892056e-08 
  4.833344e-14 -8.925781e-08 
  4.836679e-14 -9.888827e-08 
  4.840015e-14 -1.077163e-07 
  4.843351e-14 -1.156592e-07 
  4.846686e-14 -1.226475e-07 
  4.850022e-14 -1.286265e-07 
  4.853358e-14 -1.335567e-07 
  4.856693e-14 -1.374138e-07 
  4.860029e-14 -1.401893e-07 
  4.863365e-14 -1.418897e-07 
  4.866700e-14 -1.425366e-07 
  4.870036e-14 -1.421662e-07 
  4.873371e-14 -1.408285e-07 
  4.876707e-14 -1.385866e-07 
  4.880043e-14 -1.355153e-07 
  4.883378e-14 -1.317001e-07 
  4.886714e-14 -1.272353e-07 
  4.890050e-14 -1.222231e-07 
  4.893385e-14 -1.167718e-07 
  4.896721e-14 -1.109943e-07 
  4.900057e-14 -1.050062e-07 
  4.903392e-14 -9.892442e-08 
  4.906728e-14 -9.286526e-08 
  4.910063e-14 -8.694273e-08 
  4.913399e-14 -8.126697e-08 
  4.916735e-14 -7.594255e-08 
  4.920070e-14 -7.106690e-08 
  4.923406e-14 -6.672886e-08 
  4.926742e-14 -6.300746e-08 
  4.930077e-14 -5.997085e-08 
  4.933413e-14 -5.767538e-08 
  4.936749e-14 -5.616494e-08 
  4.940084e-14 -5.547035e-08 
  4.943420e-14 -5.560893e-08 
  4.946756e-14 -5.658428e-08 
  4.950091e-14 -5.838621e-08 
  4.953427e-14 -6.099102e-08 
  4.956762e-14 -6.436194e-08 
  4.960098e-14 -6.844974e-08 
  4.963434e-14 -7.319335e-08 
  4.966769e-14 -7.852071e-08 
  4.970105e-14 -8.434976e-08 
  4.973441e-14 -9.058974e-08 
  4.976776e-14 -9.714266e-08 
  4.980112e-14 -1.039048e-07 
  4.983448e-14 -1.107679e-07 
  4.986783e-14 -1.176209e-07 
  4.990119e-14 -1.243515e-07 
  4.993455e-14 -1.308476e-07 
  4.996790e-14 -1.369995e-07 
  5.000126e-14 -1.427012e-07 
  5.003461e-14 -1.478520e-07 
  5.006797e-14 -1.523574e-07 
  5.010133e-14 -1.561306e-07 
  5.013468e-14 -1.590938e-07 
  5.016804e-14 -1.611797e-07 
  5.020140e-14 -1.623326e-07 
  5.023475e-14 -1.625092e-07 
  5.026811e-14 -1.616788e-07 
  5.030147e-14 -1.598235e-07 
  5.033482e-14 -1.569395e-07 
  5.036818e-14 -1.530367e-07 
  5.040153e-14 -1.481390e-07 
  5.043489e-14 -1.422839e-07 
  5.046825e-14 -1.355209e-07 
  5.050160e-14 -1.279120e-07 
  5.053496e-14 -1.195301e-07 
  5.056832e-14 -1.104591e-07 
  5.060167e-14 -1.007928e-07 
  5.063503e-14 -9.063322e-08 
  5.066839e-14 -8.008913e-08 
  5.070174e-14 -6.927450e-08 
  5.073510e-14 -5.830738e-08 
  5.076846e-14 -4.730872e-08 
  5.080181e-14 -3.640079e-08 
  5.083517e-14 -2.570526e-08 
  5.086852e-14 -1.534121e-08 
  5.090188e-14 -5.423529e-09 
  5.093524e-14 3.938330e-09 
  5.096859e-14 1.264141e-08 
  5.100195e-14 2.059056e-08 
  5.103531e-14 2.769992e-08 
  5.106866e-14 3.389421e-08 
  5.110202e-14 3.910970e-08 
  5.113538e-14 4.329452e-08 
  5.116873e-14 4.640905e-08 
  5.120209e-14 4.842634e-08 
  5.123545e-14 4.933282e-08 
  5.126880e-14 4.912873e-08 
  5.130216e-14 4.782821e-08 
  5.133551e-14 4.545872e-08 
  5.136887e-14 4.206043e-08 
  5.140223e-14 3.768558e-08 
  5.143558e-14 3.239791e-08 
  5.146894e-14 2.627189e-08 
  5.150230e-14 1.939160e-08 
  5.153565e-14 1.184932e-08 
  5.156901e-14 3.744016e-09 
  5.160237e-14 -4.819906e-09 
  5.163572e-14 -1.373382e-08 
  5.166908e-14 -2.288617e-08 
  5.170243e-14 -3.216390e-08 
  5.173579e-14 -4.145422e-08 
  5.176915e-14 -5.064610e-08 
  5.180250e-14 -5.963172e-08 
  5.183586e-14 -6.830774e-08 
  5.186922e-14 -7.657650e-08 
  5.190257e-14 -8.434742e-08 
  5.193593e-14 -9.153823e-08 
  5.196929e-14 -9.807615e-08 
  5.200264e-14 -1.038987e-07 
  5.203600e-14 -1.089546e-07 
  5.206936e-14 -1.132038e-07 
  5.210271e-14 -1.166183e-07 
  5.213607e-14 -1.191823e-07 
  5.216942e-14 -1.208923e-07 
  5.220278e-14 -1.217568e-07 
  5.223614e-14 -1.217960e-07 
  5.226949e-14 -1.210415e-07 
  5.230285e-14 -1.195359e-07 
  5.233621e-14 -1.173320e-07 
  5.236956e-14 -1.144918e-07 
  5.240292e-14 -1.110858e-07 
  5.243628e-14 -1.071917e-07 
  5.246963e-14 -1.028930e-07 
  5.250299e-14 -9.827794e-08 
  5.253634e-14 -9.343815e-08 
  5.256970e-14 -8.846711e-08 
  5.260306e-14 -8.345885e-08 
  5.263641e-14 -7.850660e-08 
  5.266977e-14 -7.370141e-08 
  5.270313e-14 -6.913088e-08 
  5.273648e-14 -6.487782e-08 
  5.276984e-14 -6.101901e-08 
  5.280320e-14 -5.762404e-08 
  5.283655e-14 -5.475442e-08 
  5.286991e-14 -5.246259e-08 
  5.290327e-14 -5.079125e-08 
  5.293662e-14 -4.977272e-08 
  5.296998e-14 -4.942849e-08 
  5.300333e-14 -4.976897e-08 
  5.303669e-14 -5.079334e-08 
  5.307005e-14 -5.248958e-08 
  5.310340e-14 -5.483454e-08 
  5.313676e-14 -5.779435e-08 
  5.317012e-14 -6.132493e-08 
  5.320347e-14 -6.537278e-08 
  5.323683e-14 -6.987571e-08 
  5.327019e-14 -7.476373e-08 
  5.330354e-14 -7.996001e-08 
  5.333690e-14 -8.538196e-08 
  5.337026e-14 -9.094256e-08 
  5.340361e-14 -9.655173e-08 
  5.343697e-14 -1.021176e-07 
  5.347032e-14 -1.075475e-07 
  5.350368e-14 -1.127497e-07 
  5.353704e-14 -1.176344e-07 
  5.357039e-14 -1.221152e-07 
  5.360375e-14 -1.261108e-07 
  5.363711e-14 -1.295461e-07 
  5.367046e-14 -1.323526e-07 
  5.370382e-14 -1.344702e-07 
  5.373718e-14 -1.358470e-07 
  5.377053e-14 -1.364415e-07 
  5.380389e-14 -1.362224e-07 
  5.383724e-14 -1.351698e-07 
  5.387060e-14 -1.332745e-07 
  5.390396e-14 -1.305388e-07 
  5.393731e-14 -1.269762e-07 
  5.397067e-14 -1.226115e-07 
  5.400403e-14 -1.174810e-07 
  5.403738e-14 -1.116313e-07 
  5.407074e-14 -1.051190e-07 
  5.410410e-14 -9.800958e-08 
  5.413745e-14 -9.037668e-08 
  5.417081e-14 -8.230157e-08 
  5.420417e-14 -7.387220e-08 
  5.423752e-14 -6.518189e-08 
  5.427088e-14 -5.632778e-08 
  5.430423e-14 -4.740935e-08 
  5.433759e-14 -3.852722e-08 
  5.437095e-14 -2.978206e-08 
  5.440430e-14 -2.127339e-08 
  5.443766e-14 -1.309804e-08 
  5.447102e-14 -5.348607e-09 
  5.450437e-14 1.887866e-09 
  5.453773e-14 8.530825e-09 
  5.457109e-14 1.450694e-08 
  5.460444e-14 1.975092e-08 
  5.463780e-14 2.420657e-08 
  5.467116e-14 2.782772e-08 
  5.470451e-14 3.057902e-08 
  5.473787e-14 3.243613e-08 
  5.477122e-14 3.338585e-08 
  5.480458e-14 3.342614e-08 
  5.483794e-14 3.256628e-08 
  5.487129e-14 3.082696e-08 
  5.490465e-14 2.823995e-08 
  5.493801e-14 2.484749e-08 
  5.497136e-14 2.070144e-08 
  5.500472e-14 1.586236e-08 
  5.503808e-14 1.039883e-08 
  5.507143e-14 4.386569e-09 
  5.510479e-14 -2.092563e-09 
  5.513814e-14 -8.951798e-09 
  5.517150e-14 -1.610077e-08 
  5.520486e-14 -2.344675e-08 
  5.523821e-14 -3.089575e-08 
  5.527157e-14 -3.835369e-08 
  5.530493e-14 -4.572766e-08 
  5.533828e-14 -5.292727e-08 
  5.537164e-14 -5.986600e-08 
  5.540500e-14 -6.646240e-08 
  5.543835e-14 -7.264114e-08 
  5.547171e-14 -7.833389e-08 
  5.550507e-14 -8.348024e-08 
  5.553842e-14 -8.802846e-08 
  5.557178e-14 -9.193612e-08 
  5.560513e-14 -9.517050e-08 
  5.563849e-14 -9.770893e-08 
  5.567185e-14 -9.953894e-08 
  5.570520e-14 -1.006584e-07 
  5.573856e-14 -1.010753e-07 
  5.577192e-14 -1.008078e-07 
  5.580527e-14 -9.988359e-08 
  5.583863e-14 -9.833957e-08 
  5.587199e-14 -9.622118e-08 
  5.590534e-14 -9.358173e-08 
  5.593870e-14 -9.048150e-08 
  5.597206e-14 -8.698676e-08 
  5.600541e-14 -8.316869e-08 
  5.603877e-14 -7.910225e-08 
  5.607212e-14 -7.486514e-08 
  5.610548e-14 -7.053659e-08 
  5.613884e-14 -6.619612e-08 
  5.617219e-14 -6.192229e-08 
  5.620555e-14 -5.779159e-08 
  5.623891e-14 -5.387735e-08 
  5.627226e-14 -5.024875e-08 
  5.630562e-14 -4.696983e-08 
  5.633898e-14 -4.409853e-08 
  5.637233e-14 -4.168577e-08 
  5.640569e-14 -3.977475e-08 
  5.643904e-14 -3.840030e-08 
  5.647240e-14 -3.758843e-08 
  5.650576e-14 -3.735589e-08 
  5.653911e-14 -3.770993e-08 
  5.657247e-14 -3.864817e-08 
  5.660583e-14 -4.015875e-08 
  5.663918e-14 -4.222053e-08 
  5.667254e-14 -4.480354e-08 
  5.670590e-14 -4.786932e-08 
  5.673925e-14 -5.137150e-08 
  5.677261e-14 -5.525645e-08 
  5.680597e-14 -5.946416e-08 
  5.683932e-14 -6.392913e-08 
  5.687268e-14 -6.858129e-08 
  5.690603e-14 -7.334689e-08 
  5.693939e-14 -7.814958e-08 
  5.697275e-14 -8.291156e-08 
  5.700610e-14 -8.755488e-08 
  5.703946e-14 -9.200257e-08 
  5.707282e-14 -9.617972e-08 
  5.710617e-14 -1.000145e-07 
  5.713953e-14 -1.034390e-07 
  5.717289e-14 -1.063907e-07 
  5.720624e-14 -1.088131e-07 
  5.723960e-14 -1.106570e-07 
  5.727296e-14 -1.118805e-07 
  5.730631e-14 -1.124500e-07 
  5.733967e-14 -1.123403e-07 
  5.737302e-14 -1.115354e-07 
  5.740638e-14 -1.100287e-07 
  5.743974e-14 -1.078234e-07 
  5.747309e-14 -1.049321e-07 
  5.750645e-14 -1.013765e-07 
  5.753981e-14 -9.718734e-08 
  5.757316e-14 -9.240408e-08 
  5.760652e-14 -8.707454e-08 
  5.763988e-14 -8.125428e-08 
  5.767323e-14 -7.500556e-08 
  5.770659e-14 -6.839633e-08 
  5.773994e-14 -6.149939e-08 
  5.777330e-14 -5.439156e-08 
  5.780666e-14 -4.715292e-08 
  5.784001e-14 -3.986565e-08 
  5.787337e-14 -3.261271e-08 
  5.790673e-14 -2.547664e-08 
  5.794008e-14 -1.853843e-08 
  5.797344e-14 -1.187678e-08 
  5.800680e-14 -5.567094e-09 
  5.804015e-14 3.194891e-10 
  5.807351e-14 5.717322e-09 
  5.810687e-14 1.056724e-08 
  5.814022e-14 1.481726e-08 
  5.817358e-14 1.842305e-08 
  5.820693e-14 2.134827e-08 
  5.824029e-14 2.356514e-08 
  5.827365e-14 2.505492e-08 
  5.830700e-14 2.580828e-08 
  5.834036e-14 2.582528e-08 
  5.837372e-14 2.511511e-08 
  5.840707e-14 2.369586e-08 
  5.844043e-14 2.159419e-08 
  5.847379e-14 1.884516e-08 
  5.850714e-14 1.549172e-08 
  5.854050e-14 1.158410e-08 
  5.857386e-14 7.178889e-09 
  5.860721e-14 2.338157e-09 
  5.864057e-14 -2.871339e-09 
  5.867392e-14 -8.378982e-09 
  5.870728e-14 -1.411120e-08 
  5.874064e-14 -1.999255e-08 
  5.877399e-14 -2.594684e-08 
  5.880735e-14 -3.189825e-08 
  5.884071e-14 -3.777230e-08 
  5.887406e-14 -4.349678e-08 
  5.890742e-14 -4.900270e-08 
  5.894078e-14 -5.422517e-08 
  5.897413e-14 -5.910435e-08 
  5.900749e-14 -6.358618e-08 
  5.904084e-14 -6.762305e-08 
  5.907420e-14 -7.117433e-08 
  5.910756e-14 -7.420686e-08 
  5.914091e-14 -7.669533e-08 
  5.917427e-14 -7.862253e-08 
  5.920763e-14 -7.997949e-08 
  5.924098e-14 -8.076553e-08 
  5.927434e-14 -8.098822e-08 
  5.930770e-14 -8.066313e-08 
  5.934105e-14 -7.981363e-08 
  5.937441e-14 -7.847034e-08 
  5.940777e-14 -7.667064e-08 
  5.944112e-14 -7.445799e-08 
  5.947448e-14 -7.188130e-08 
  5.950783e-14 -6.899416e-08 
  5.954119e-14 -6.585400e-08 
  5.957455e-14 -6.252116e-08 
  5.960790e-14 -5.905797e-08 
  5.964126e-14 -5.552785e-08 
  5.967462e-14 -5.199447e-08 
  5.970797e-14 -4.852082e-08 
  5.974133e-14 -4.516829e-08 
  5.977469e-14 -4.199566e-08 
  5.980804e-14 -3.905822e-08 
  5.984140e-14 -3.640699e-08 
  5.987476e-14 -3.408808e-08 
  5.990811e-14 -3.214202e-08 
  5.994147e-14 -3.060317e-08 
  5.997482e-14 -2.949916e-08 
  6.000818e-14 -2.885051e-08 
  6.004154e-14 -2.867041e-08 
  6.007489e-14 -2.896461e-08 
  6.010825e-14 -2.973133e-08 
  6.014161e-14 -3.096129e-08 
  6.017496e-14 -3.263778e-08 
  6.020832e-14 -3.473696e-08 
  6.024168e-14 -3.722824e-08 
  6.027503e-14 -4.007481e-08 
  6.030839e-14 -4.323411e-08 
  6.034174e-14 -4.665837e-08 
  6.037510e-14 -5.029527e-08 
  6.040846e-14 -5.408879e-08 
  6.044181e-14 -5.798007e-08 
  6.047517e-14 -6.190825e-08 
  6.050853e-14 -6.581129e-08 
  6.054188e-14 -6.962678e-08 
  6.057524e-14 -7.329288e-08 
  6.060860e-14 -7.674933e-08 
  6.064195e-14 -7.993827e-08 
  6.067531e-14 -8.280513e-08 
  6.070867e-14 -8.529922e-08 
  6.074202e-14 -8.737444e-08 
  6.077538e-14 -8.898998e-08 
  6.080873e-14 -9.011107e-08 
  6.084209e-14 -9.070950e-08 
  6.087545e-14 -9.076398e-08 
  6.090880e-14 -9.026029e-08 
  6.094216e-14 -8.919145e-08 
  6.097552e-14 -8.755792e-08 
  6.100887e-14 -8.536784e-08 
  6.104223e-14 -8.263691e-08 
  6.107559e-14 -7.938816e-08 
  6.110894e-14 -7.565147e-08 
  6.114230e-14 -7.146311e-08 
  6.117566e-14 -6.686546e-08 
  6.120901e-14 -6.190658e-08 
  6.124237e-14 -5.663960e-08 
  6.127572e-14 -5.112190e-08 
  6.130908e-14 -4.541416e-08 
  6.134244e-14 -3.957953e-08 
  6.137579e-14 -3.368300e-08 
  6.140915e-14 -2.779071e-08 
  6.144251e-14 -2.196914e-08 
  6.147586e-14 -1.628407e-08 
  6.150922e-14 -1.079953e-08 
  6.154258e-14 -5.576983e-09 
  6.157593e-14 -6.746200e-10 
  6.160929e-14 3.853193e-09 
  6.164264e-14 7.956629e-09 
  6.167600e-14 1.159119e-08 
  6.170936e-14 1.471842e-08 
  6.174271e-14 1.730639e-08 
  6.177607e-14 1.932989e-08 
  6.180943e-14 2.077059e-08 
  6.184278e-14 2.161723e-08 
  6.187614e-14 2.186587e-08 
  6.190950e-14 2.152007e-08 
  6.194285e-14 2.059080e-08 
  6.197621e-14 1.909610e-08 
  6.200957e-14 1.706075e-08 
  6.204292e-14 1.451584e-08 
  6.207628e-14 1.149848e-08 
  6.210963e-14 8.051398e-09 
  6.214299e-14 4.222256e-09 
  6.217635e-14 6.295045e-11 
  6.220970e-14 -4.371222e-09 
  6.224306e-14 -9.022301e-09 
  6.227642e-14 -1.383037e-08 
  6.230977e-14 -1.873432e-08 
  6.234313e-14 -2.367266e-08 
  6.237649e-14 -2.858442e-08 
  6.240984e-14 -3.341002e-08 
  6.244320e-14 -3.809200e-08 
  6.247656e-14 -4.257572e-08 
  6.250991e-14 -4.681004e-08 
  6.254327e-14 -5.074794e-08 
  6.257662e-14 -5.434717e-08 
  6.260998e-14 -5.757078e-08 
  6.264334e-14 -6.038756e-08 
  6.267669e-14 -6.277241e-08 
  6.271005e-14 -6.470661e-08 
  6.274341e-14 -6.617807e-08 
  6.277676e-14 -6.718141e-08 
  6.281012e-14 -6.771790e-08 
  6.284348e-14 -6.779538e-08 
  6.287683e-14 -6.742813e-08 
  6.291019e-14 -6.663659e-08 
  6.294354e-14 -6.544703e-08 
  6.297690e-14 -6.389107e-08 
  6.301026e-14 -6.200510e-08 
  6.304361e-14 -5.982975e-08 
  6.307697e-14 -5.740932e-08 
  6.311033e-14 -5.479112e-08 
  6.314368e-14 -5.202482e-08 
  6.317704e-14 -4.916163e-08 
  6.321040e-14 -4.625352e-08 
  6.324375e-14 -4.335248e-08 
  6.327711e-14 -4.050988e-08 
  6.331047e-14 -3.777571e-08 
  6.334382e-14 -3.519785e-08 
  6.337718e-14 -3.282128e-08 
  6.341053e-14 -3.068736e-08 
  6.344389e-14 -2.883326e-08 
  6.347725e-14 -2.729153e-08 
  6.351060e-14 -2.608964e-08 
  6.354396e-14 -2.524963e-08 
  6.357732e-14 -2.478767e-08 
  6.361067e-14 -2.471393e-08 
  6.364403e-14 -2.503240e-08 
  6.367739e-14 -2.574096e-08 
  6.371074e-14 -2.683140e-08 
  6.374410e-14 -2.828949e-08 
  6.377746e-14 -3.009511e-08 
  6.381081e-14 -3.222250e-08 
  6.384417e-14 -3.464070e-08 
  6.387752e-14 -3.731403e-08 
  6.391088e-14 -4.020257e-08 
  6.394424e-14 -4.326268e-08 
  6.397759e-14 -4.644758e-08 
  6.401095e-14 -4.970813e-08 
  6.404431e-14 -5.299353e-08 
  6.407766e-14 -5.625214e-08 
  6.411102e-14 -5.943215e-08 
  6.414438e-14 -6.248223e-08 
  6.417773e-14 -6.535222e-08 
  6.421109e-14 -6.799395e-08 
  6.424444e-14 -7.036190e-08 
  6.427780e-14 -7.241391e-08 
  6.431116e-14 -7.411166e-08 
  6.434451e-14 -7.542114e-08 
  6.437787e-14 -7.631321e-08 
  6.441123e-14 -7.676416e-08 
  6.444458e-14 -7.675614e-08 
  6.447794e-14 -7.627744e-08 
  6.451130e-14 -7.532258e-08 
  6.454465e-14 -7.389224e-08 
  6.457801e-14 -7.199341e-08 
  6.461137e-14 -6.963939e-08 
  6.464472e-14 -6.684970e-08 
  6.467808e-14 -6.364979e-08 
  6.471143e-14 -6.007058e-08 
  6.474479e-14 -5.614793e-08 
  6.477815e-14 -5.192238e-08 
  6.481150e-14 -4.743872e-08 
  6.484486e-14 -4.274553e-08 
  6.487822e-14 -3.789453e-08 
  6.491157e-14 -3.293966e-08 
  6.494493e-14 -2.793639e-08 
  6.497829e-14 -2.294100e-08 
  6.501164e-14 -1.801004e-08 
  6.504500e-14 -1.319962e-08 
  6.507835e-14 -8.564549e-09 
  6.511171e-14 -4.157484e-09 
  6.514507e-14 -2.814411e-11 
  6.517842e-14 3.777195e-09 
  6.521178e-14 7.216129e-09 
  6.524514e-14 1.025058e-08 
  6.527849e-14 1.284737e-08 
  6.531185e-14 1.497876e-08 
  6.534521e-14 1.662290e-08 
  6.537856e-14 1.776395e-08 
  6.541192e-14 1.839220e-08 
  6.544528e-14 1.850413e-08 
  6.547863e-14 1.810259e-08 
  6.551199e-14 1.719685e-08 
  6.554534e-14 1.580249e-08 
  6.557870e-14 1.394108e-08 
  6.561206e-14 1.163973e-08 
  6.564541e-14 8.930648e-09 
  6.567877e-14 5.850781e-09 
  6.571213e-14 2.441344e-09 
  6.574548e-14 -1.252699e-09 
  6.577884e-14 -5.183302e-09 
  6.581220e-14 -9.300051e-09 
  6.584555e-14 -1.355083e-08 
  6.587891e-14 -1.788245e-08 
  6.591227e-14 -2.224130e-08 
  6.594562e-14 -2.657407e-08 
  6.597898e-14 -3.082844e-08 
  6.601233e-14 -3.495390e-08 
  6.604569e-14 -3.890237e-08 
  6.607905e-14 -4.262880e-08 
  6.611240e-14 -4.609178e-08 
  6.614576e-14 -4.925409e-08 
  6.617912e-14 -5.208312e-08 
  6.621247e-14 -5.455129e-08 
  6.624583e-14 -5.663639e-08 
  6.627919e-14 -5.832177e-08 
  6.631254e-14 -5.959656e-08 
  6.634590e-14 -6.045576e-08 
  6.637925e-14 -6.090023e-08 
  6.641261e-14 -6.093665e-08 
  6.644597e-14 -6.057727e-08 
  6.647932e-14 -5.983984e-08 
  6.651268e-14 -5.874731e-08 
  6.654604e-14 -5.732746e-08 
  6.657939e-14 -5.561249e-08 
  6.661275e-14 -5.363840e-08 
  6.664611e-14 -5.144445e-08 
  6.667946e-14 -4.907263e-08 
  6.671282e-14 -4.656708e-08 
  6.674618e-14 -4.397348e-08 
  6.677953e-14 -4.133828e-08 
  6.681289e-14 -3.870801e-08 
  6.684624e-14 -3.612857e-08 
  6.687960e-14 -3.364465e-08 
  6.691296e-14 -3.129915e-08 
  6.694631e-14 -2.913255e-08 
  6.697967e-14 -2.718225e-08 
  6.701303e-14 -2.548198e-08 
  6.704638e-14 -2.406134e-08 
  6.707974e-14 -2.294543e-08 
  6.711310e-14 -2.215454e-08 
  6.714645e-14 -2.170388e-08 
  6.717981e-14 -2.160327e-08 
  6.721317e-14 -2.185696e-08 
  6.724652e-14 -2.246360e-08 
  6.727988e-14 -2.341633e-08 
  6.731323e-14 -2.470291e-08 
  6.734659e-14 -2.630586e-08 
  6.737995e-14 -2.820261e-08 
  6.741330e-14 -3.036586e-08 
  6.744666e-14 -3.276391e-08 
  6.748002e-14 -3.536125e-08 
  6.751337e-14 -3.811902e-08 
  6.754673e-14 -4.099552e-08 
  6.758009e-14 -4.394678e-08 
  6.761344e-14 -4.692716e-08 
  6.764680e-14 -4.989009e-08 
  6.768015e-14 -5.278880e-08 
  6.771351e-14 -5.557693e-08 
  6.774687e-14 -5.820910e-08 
  6.778022e-14 -6.064157e-08 
  6.781358e-14 -6.283285e-08 
  6.784694e-14 -6.474437e-08 
  6.788029e-14 -6.634110e-08 
  6.791365e-14 -6.759193e-08 
  6.794701e-14 -6.847009e-08 
  6.798036e-14 -6.895354e-08 
  6.801372e-14 -6.902539e-08 
  6.804708e-14 -6.867430e-08 
  6.808043e-14 -6.789465e-08 
  6.811379e-14 -6.668655e-08 
  6.814714e-14 -6.505579e-08 
  6.818050e-14 -6.301373e-08 
  6.821386e-14 -6.057728e-08 
  6.824721e-14 -5.776879e-08 
  6.828057e-14 -5.461578e-08 
  6.831393e-14 -5.115043e-08 
  6.834728e-14 -4.740917e-08 
  6.838064e-14 -4.343219e-08 
  6.841400e-14 -3.926310e-08 
  6.844735e-14 -3.494847e-08 
  6.848071e-14 -3.053719e-08 
  6.851407e-14 -2.607965e-08 
  6.854742e-14 -2.162703e-08 
  6.858078e-14 -1.723058e-08 
  6.861413e-14 -1.294114e-08 
  6.864749e-14 -8.808531e-09 
  6.868085e-14 -4.880859e-09 
  6.871420e-14 -1.203762e-09 
  6.874756e-14 2.180290e-09 
  6.878092e-14 5.232488e-09 
  6.881427e-14 7.918053e-09 
  6.884763e-14 1.020659e-08 
  6.888099e-14 1.207252e-08 
  6.891434e-14 1.349552e-08 
  6.894770e-14 1.446087e-08 
  6.898105e-14 1.495959e-08 
  6.901441e-14 1.498847e-08 
  6.904777e-14 1.455004e-08 
  6.908112e-14 1.365262e-08 
  6.911448e-14 1.231027e-08 
  6.914784e-14 1.054264e-08 
  6.918119e-14 8.374628e-09 
  6.921455e-14 5.835915e-09 
  6.924791e-14 2.960480e-09 
  6.928126e-14 -2.138199e-10 
  6.931462e-14 -3.645681e-09 
  6.934798e-14 -7.290861e-09 
  6.938133e-14 -1.110278e-08 
  6.941469e-14 -1.503317e-08 
  6.944804e-14 -1.903275e-08 
  6.948140e-14 -2.305186e-08 
  6.951476e-14 -2.704111e-08 
  6.954811e-14 -3.095202e-08 
  6.958147e-14 -3.473774e-08 
  6.961483e-14 -3.835368e-08 
  6.964818e-14 -4.175808e-08 
  6.968154e-14 -4.491254e-08 
  6.971490e-14 -4.778253e-08 
  6.974825e-14 -5.033779e-08 
  6.978161e-14 -5.255276e-08 
  6.981497e-14 -5.440679e-08 
  6.984832e-14 -5.588444e-08 
  6.988168e-14 -5.697562e-08 
  6.991503e-14 -5.767570e-08 
  6.994839e-14 -5.798561e-08 
  6.998175e-14 -5.791175e-08 
  7.001510e-14 -5.746587e-08 
  7.004846e-14 -5.666481e-08 
  7.008182e-14 -5.553030e-08 
  7.011517e-14 -5.408862e-08 
  7.014853e-14 -5.237026e-08 
  7.018189e-14 -5.040940e-08 
  7.021524e-14 -4.824330e-08 
  7.024860e-14 -4.591171e-08 
  7.028195e-14 -4.345632e-08 
  7.031531e-14 -4.092026e-08 
  7.034867e-14 -3.834751e-08 
  7.038202e-14 -3.578222e-08 
  7.041538e-14 -3.326806e-08 
  7.044874e-14 -3.084747e-08 
  7.048209e-14 -2.856120e-08 
  7.051545e-14 -2.644772e-08 
  7.054881e-14 -2.454272e-08 
  7.058216e-14 -2.287848e-08 
  7.061552e-14 -2.148339e-08 
  7.064888e-14 -2.038147e-08 
  7.068223e-14 -1.959214e-08 
  7.071559e-14 -1.912995e-08 
  7.074894e-14 -1.900443e-08 
  7.078230e-14 -1.921988e-08 
  7.081566e-14 -1.977525e-08 
  7.084901e-14 -2.066415e-08 
  7.088237e-14 -2.187506e-08 
  7.091573e-14 -2.339145e-08 
  7.094908e-14 -2.519208e-08 
 