 0 0 
  3.335641e-17 0 
  6.671282e-17 0 
  1.000692e-16 0 
  1.334256e-16 0 
  1.667820e-16 0 
  2.001385e-16 0 
  2.334949e-16 0 
  2.668513e-16 0 
  3.002077e-16 0 
  3.335641e-16 0 
  3.669205e-16 0 
  4.002769e-16 0 
  4.336333e-16 0 
  4.669897e-16 0 
  5.003461e-16 0 
  5.337026e-16 0 
  5.670590e-16 0 
  6.004154e-16 0 
  6.337718e-16 0 
  6.671282e-16 0 
  7.004846e-16 0 
  7.338410e-16 0 
  7.671974e-16 0 
  8.005538e-16 0 
  8.339102e-16 0 
  8.672666e-16 0 
  9.006231e-16 0 
  9.339795e-16 0 
  9.673359e-16 0 
  1.000692e-15 0 
  1.034049e-15 0 
  1.067405e-15 0 
  1.100762e-15 0 
  1.134118e-15 0 
  1.167474e-15 0 
  1.200831e-15 0 
  1.234187e-15 0 
  1.267544e-15 0 
  1.300900e-15 0 
  1.334256e-15 0 
  1.367613e-15 0 
  1.400969e-15 0 
  1.434326e-15 0 
  1.467682e-15 0 
  1.501038e-15 0 
  1.534395e-15 0 
  1.567751e-15 0 
  1.601108e-15 0 
  1.634464e-15 0 
  1.667820e-15 0 
  1.701177e-15 0 
  1.734533e-15 0 
  1.767890e-15 0 
  1.801246e-15 0 
  1.834603e-15 0 
  1.867959e-15 0 
  1.901315e-15 0 
  1.934672e-15 0 
  1.968028e-15 0 
  2.001385e-15 0 
  2.034741e-15 0 
  2.068097e-15 0 
  2.101454e-15 0 
  2.134810e-15 0 
  2.168167e-15 0 
  2.201523e-15 0 
  2.234879e-15 0 
  2.268236e-15 0 
  2.301592e-15 0 
  2.334949e-15 0 
  2.368305e-15 0 
  2.401661e-15 0 
  2.435018e-15 0 
  2.468374e-15 0 
  2.501731e-15 0 
  2.535087e-15 0 
  2.568444e-15 0 
  2.601800e-15 0 
  2.635156e-15 0 
  2.668513e-15 0 
  2.701869e-15 0 
  2.735226e-15 0 
  2.768582e-15 0 
  2.801938e-15 0 
  2.835295e-15 0 
  2.868651e-15 0 
  2.902008e-15 0 
  2.935364e-15 0 
  2.968720e-15 0 
  3.002077e-15 0 
  3.035433e-15 0 
  3.068790e-15 0 
  3.102146e-15 0 
  3.135502e-15 0 
  3.168859e-15 0 
  3.202215e-15 0 
  3.235572e-15 0 
  3.268928e-15 0 
  3.302285e-15 0 
  3.335641e-15 0 
  3.368997e-15 0 
  3.402354e-15 0 
  3.435710e-15 0 
  3.469067e-15 0 
  3.502423e-15 0 
  3.535779e-15 0 
  3.569136e-15 0 
  3.602492e-15 0 
  3.635849e-15 0 
  3.669205e-15 0 
  3.702561e-15 0 
  3.735918e-15 0 
  3.769274e-15 0 
  3.802631e-15 0 
  3.835987e-15 0 
  3.869344e-15 0 
  3.902700e-15 0 
  3.936056e-15 0 
  3.969413e-15 0 
  4.002769e-15 0 
  4.036126e-15 0 
  4.069482e-15 0 
  4.102838e-15 0 
  4.136195e-15 0 
  4.169551e-15 0 
  4.202908e-15 0 
  4.236264e-15 0 
  4.269620e-15 0 
  4.302977e-15 0 
  4.336333e-15 0 
  4.369690e-15 0 
  4.403046e-15 0 
  4.436402e-15 0 
  4.469759e-15 0 
  4.503115e-15 0 
  4.536472e-15 0 
  4.569828e-15 0 
  4.603185e-15 0 
  4.636541e-15 0 
  4.669897e-15 0 
  4.703254e-15 0 
  4.736610e-15 0 
  4.769967e-15 0 
  4.803323e-15 0 
  4.836679e-15 0 
  4.870036e-15 0 
  4.903392e-15 0 
  4.936749e-15 0 
  4.970105e-15 0 
  5.003461e-15 0 
  5.036818e-15 0 
  5.070174e-15 0 
  5.103531e-15 0 
  5.136887e-15 0 
  5.170243e-15 0 
  5.203600e-15 0 
  5.236956e-15 0 
  5.270313e-15 0 
  5.303669e-15 0 
  5.337026e-15 0 
  5.370382e-15 0 
  5.403738e-15 0 
  5.437095e-15 0 
  5.470451e-15 0 
  5.503808e-15 0 
  5.537164e-15 0 
  5.570520e-15 0 
  5.603877e-15 0 
  5.637233e-15 0 
  5.670590e-15 0 
  5.703946e-15 0 
  5.737302e-15 0 
  5.770659e-15 0 
  5.804015e-15 0 
  5.837372e-15 0 
  5.870728e-15 0 
  5.904084e-15 0 
  5.937441e-15 0 
  5.970797e-15 0 
  6.004154e-15 0 
  6.037510e-15 0 
  6.070867e-15 0 
  6.104223e-15 0 
  6.137579e-15 0 
  6.170936e-15 0 
  6.204292e-15 0 
  6.237649e-15 0 
  6.271005e-15 0 
  6.304361e-15 0 
  6.337718e-15 0 
  6.371074e-15 0 
  6.404431e-15 0 
  6.437787e-15 0 
  6.471143e-15 0 
  6.504500e-15 0 
  6.537856e-15 0 
  6.571213e-15 0 
  6.604569e-15 0 
  6.637925e-15 0 
  6.671282e-15 0 
  6.704638e-15 0 
  6.737995e-15 0 
  6.771351e-15 0 
  6.804708e-15 0 
  6.838064e-15 0 
  6.871420e-15 0 
  6.904777e-15 0 
  6.938133e-15 0 
  6.971490e-15 0 
  7.004846e-15 0 
  7.038202e-15 0 
  7.071559e-15 0 
  7.104915e-15 0 
  7.138272e-15 0 
  7.171628e-15 0 
  7.204984e-15 0 
  7.238341e-15 0 
  7.271697e-15 0 
  7.305054e-15 0 
  7.338410e-15 0 
  7.371767e-15 0 
  7.405123e-15 0 
  7.438479e-15 0 
  7.471836e-15 0 
  7.505192e-15 0 
  7.538549e-15 0 
  7.571905e-15 0 
  7.605261e-15 0 
  7.638618e-15 0 
  7.671974e-15 0 
  7.705331e-15 0 
  7.738687e-15 0 
  7.772043e-15 0 
  7.805400e-15 0 
  7.838756e-15 0 
  7.872113e-15 0 
  7.905469e-15 0 
  7.938825e-15 0 
  7.972182e-15 0 
  8.005538e-15 0 
  8.038895e-15 0 
  8.072251e-15 0 
  8.105608e-15 0 
  8.138964e-15 0 
  8.172320e-15 0 
  8.205677e-15 0 
  8.239033e-15 0 
  8.272390e-15 0 
  8.305746e-15 0 
  8.339102e-15 0 
  8.372459e-15 0 
  8.405815e-15 0 
  8.439172e-15 0 
  8.472528e-15 0 
  8.505884e-15 0 
  8.539241e-15 0 
  8.572597e-15 0 
  8.605954e-15 0 
  8.639310e-15 0 
  8.672666e-15 0 
  8.706023e-15 0 
  8.739379e-15 0 
  8.772736e-15 0 
  8.806092e-15 0 
  8.839449e-15 0 
  8.872805e-15 0 
  8.906161e-15 0 
  8.939518e-15 0 
  8.972874e-15 0 
  9.006231e-15 0 
  9.039587e-15 0 
  9.072943e-15 0 
  9.106300e-15 0 
  9.139656e-15 0 
  9.173013e-15 0 
  9.206369e-15 0 
  9.239725e-15 0 
  9.273082e-15 0 
  9.306438e-15 0 
  9.339795e-15 0 
  9.373151e-15 0 
  9.406507e-15 0 
  9.439864e-15 0 
  9.473220e-15 0 
  9.506577e-15 0 
  9.539933e-15 0 
  9.573290e-15 0 
  9.606646e-15 0 
  9.640002e-15 0 
  9.673359e-15 0 
  9.706715e-15 0 
  9.740072e-15 0 
  9.773428e-15 0 
  9.806784e-15 0 
  9.840141e-15 0 
  9.873497e-15 0 
  9.906854e-15 0 
  9.940210e-15 0 
  9.973566e-15 0 
  1.000692e-14 0 
  1.004028e-14 0 
  1.007364e-14 0 
  1.010699e-14 0 
  1.014035e-14 0 
  1.017370e-14 0 
  1.020706e-14 0 
  1.024042e-14 0 
  1.027377e-14 0 
  1.030713e-14 0 
  1.034049e-14 0 
  1.037384e-14 0 
  1.040720e-14 0 
  1.044056e-14 0 
  1.047391e-14 0 
  1.050727e-14 0 
  1.054063e-14 0 
  1.057398e-14 0 
  1.060734e-14 0 
  1.064069e-14 0 
  1.067405e-14 0 
  1.070741e-14 0 
  1.074076e-14 0 
  1.077412e-14 0 
  1.080748e-14 0 
  1.084083e-14 0 
  1.087419e-14 0 
  1.090755e-14 0 
  1.094090e-14 0 
  1.097426e-14 0 
  1.100762e-14 0 
  1.104097e-14 0 
  1.107433e-14 0 
  1.110768e-14 0 
  1.114104e-14 0 
  1.117440e-14 0 
  1.120775e-14 0 
  1.124111e-14 0 
  1.127447e-14 0 
  1.130782e-14 0 
  1.134118e-14 0 
  1.137454e-14 0 
  1.140789e-14 0 
  1.144125e-14 0 
  1.147460e-14 0 
  1.150796e-14 0 
  1.154132e-14 0 
  1.157467e-14 0 
  1.160803e-14 0 
  1.164139e-14 0 
  1.167474e-14 0 
  1.170810e-14 0 
  1.174146e-14 0 
  1.177481e-14 0 
  1.180817e-14 0 
  1.184153e-14 0 
  1.187488e-14 0 
  1.190824e-14 0 
  1.194159e-14 0 
  1.197495e-14 0 
  1.200831e-14 0 
  1.204166e-14 0 
  1.207502e-14 0 
  1.210838e-14 0 
  1.214173e-14 0 
  1.217509e-14 0 
  1.220845e-14 0 
  1.224180e-14 0 
  1.227516e-14 0 
  1.230852e-14 0 
  1.234187e-14 0 
  1.237523e-14 0 
  1.240858e-14 0 
  1.244194e-14 0 
  1.247530e-14 0 
  1.250865e-14 0 
  1.254201e-14 0 
  1.257537e-14 0 
  1.260872e-14 0 
  1.264208e-14 0 
  1.267544e-14 0 
  1.270879e-14 0 
  1.274215e-14 0 
  1.277550e-14 0 
  1.280886e-14 0 
  1.284222e-14 0 
  1.287557e-14 0 
  1.290893e-14 0 
  1.294229e-14 0 
  1.297564e-14 0 
  1.300900e-14 0 
  1.304236e-14 0 
  1.307571e-14 0 
  1.310907e-14 0 
  1.314243e-14 0 
  1.317578e-14 0 
  1.320914e-14 0 
  1.324249e-14 0 
  1.327585e-14 0 
  1.330921e-14 0 
  1.334256e-14 0 
  1.337592e-14 0 
  1.340928e-14 0 
  1.344263e-14 0 
  1.347599e-14 0 
  1.350935e-14 0 
  1.354270e-14 0 
  1.357606e-14 0 
  1.360942e-14 0 
  1.364277e-14 0 
  1.367613e-14 0 
  1.370948e-14 0 
  1.374284e-14 0 
  1.377620e-14 0 
  1.380955e-14 0 
  1.384291e-14 0 
  1.387627e-14 0 
  1.390962e-14 0 
  1.394298e-14 0 
  1.397634e-14 0 
  1.400969e-14 0 
  1.404305e-14 0 
  1.407640e-14 0 
  1.410976e-14 0 
  1.414312e-14 0 
  1.417647e-14 0 
  1.420983e-14 0 
  1.424319e-14 0 
  1.427654e-14 0 
  1.430990e-14 0 
  1.434326e-14 0 
  1.437661e-14 0 
  1.440997e-14 0 
  1.444333e-14 0 
  1.447668e-14 0 
  1.451004e-14 0 
  1.454339e-14 0 
  1.457675e-14 0 
  1.461011e-14 0 
  1.464346e-14 0 
  1.467682e-14 0 
  1.471018e-14 0 
  1.474353e-14 0 
  1.477689e-14 0 
  1.481025e-14 0 
  1.484360e-14 0 
  1.487696e-14 0 
  1.491032e-14 0 
  1.494367e-14 0 
  1.497703e-14 0 
  1.501038e-14 0 
  1.504374e-14 0 
  1.507710e-14 0 
  1.511045e-14 0 
  1.514381e-14 0 
  1.517717e-14 0 
  1.521052e-14 0 
  1.524388e-14 0 
  1.527724e-14 0 
  1.531059e-14 0 
  1.534395e-14 0 
  1.537730e-14 0 
  1.541066e-14 0 
  1.544402e-14 0 
  1.547737e-14 0 
  1.551073e-14 0 
  1.554409e-14 0 
  1.557744e-14 0 
  1.561080e-14 0 
  1.564416e-14 0 
  1.567751e-14 0 
  1.571087e-14 0 
  1.574423e-14 0 
  1.577758e-14 0 
  1.581094e-14 0 
  1.584429e-14 0 
  1.587765e-14 0 
  1.591101e-14 0 
  1.594436e-14 0 
  1.597772e-14 0 
  1.601108e-14 0 
  1.604443e-14 0 
  1.607779e-14 0 
  1.611115e-14 0 
  1.614450e-14 0 
  1.617786e-14 0 
  1.621122e-14 0 
  1.624457e-14 0 
  1.627793e-14 0 
  1.631128e-14 0 
  1.634464e-14 0 
  1.637800e-14 0 
  1.641135e-14 0 
  1.644471e-14 0 
  1.647807e-14 0 
  1.651142e-14 0 
  1.654478e-14 0 
  1.657814e-14 0 
  1.661149e-14 0 
  1.664485e-14 0 
  1.667820e-14 0 
  1.671156e-14 0 
  1.674492e-14 0 
  1.677827e-14 0 
  1.681163e-14 0 
  1.684499e-14 0 
  1.687834e-14 0 
  1.691170e-14 0 
  1.694506e-14 0 
  1.697841e-14 0 
  1.701177e-14 0 
  1.704513e-14 0 
  1.707848e-14 0 
  1.711184e-14 0 
  1.714519e-14 0 
  1.717855e-14 0 
  1.721191e-14 0 
  1.724526e-14 0 
  1.727862e-14 0 
  1.731198e-14 0 
  1.734533e-14 0 
  1.737869e-14 0 
  1.741205e-14 0 
  1.744540e-14 0 
  1.747876e-14 0 
  1.751211e-14 0 
  1.754547e-14 0 
  1.757883e-14 0 
  1.761218e-14 0 
  1.764554e-14 0 
  1.767890e-14 0 
  1.771225e-14 0 
  1.774561e-14 0 
  1.777897e-14 0 
  1.781232e-14 0 
  1.784568e-14 0 
  1.787904e-14 0 
  1.791239e-14 0 
  1.794575e-14 0 
  1.797910e-14 0 
  1.801246e-14 0 
  1.804582e-14 0 
  1.807917e-14 0 
  1.811253e-14 0 
  1.814589e-14 0 
  1.817924e-14 0 
  1.821260e-14 0 
  1.824596e-14 0 
  1.827931e-14 0 
  1.831267e-14 0 
  1.834603e-14 0 
  1.837938e-14 0 
  1.841274e-14 0 
  1.844609e-14 0 
  1.847945e-14 0 
  1.851281e-14 0 
  1.854616e-14 0 
  1.857952e-14 0 
  1.861288e-14 0 
  1.864623e-14 0 
  1.867959e-14 0 
  1.871295e-14 0 
  1.874630e-14 0 
  1.877966e-14 0 
  1.881301e-14 0 
  1.884637e-14 0 
  1.887973e-14 0 
  1.891308e-14 0 
  1.894644e-14 0 
  1.897980e-14 0 
  1.901315e-14 0 
  1.904651e-14 0 
  1.907987e-14 0 
  1.911322e-14 0 
  1.914658e-14 0 
  1.917994e-14 0 
  1.921329e-14 0 
  1.924665e-14 0 
  1.928000e-14 0 
  1.931336e-14 0 
  1.934672e-14 0 
  1.938007e-14 0 
  1.941343e-14 0 
  1.944679e-14 0 
  1.948014e-14 0 
  1.951350e-14 0 
  1.954686e-14 0 
  1.958021e-14 0 
  1.961357e-14 0 
  1.964693e-14 0 
  1.968028e-14 0 
  1.971364e-14 0 
  1.974699e-14 0 
  1.978035e-14 0 
  1.981371e-14 0 
  1.984706e-14 0 
  1.988042e-14 0 
  1.991378e-14 0 
  1.994713e-14 0 
  1.998049e-14 0 
  2.001385e-14 0 
  2.004720e-14 0 
  2.008056e-14 0 
  2.011391e-14 0 
  2.014727e-14 0 
  2.018063e-14 0 
  2.021398e-14 0 
  2.024734e-14 0 
  2.028070e-14 0 
  2.031405e-14 0 
  2.034741e-14 0 
  2.038077e-14 0 
  2.041412e-14 0 
  2.044748e-14 0 
  2.048084e-14 0 
  2.051419e-14 0 
  2.054755e-14 0 
  2.058090e-14 0 
  2.061426e-14 0 
  2.064762e-14 0 
  2.068097e-14 0 
  2.071433e-14 0 
  2.074769e-14 0 
  2.078104e-14 0 
  2.081440e-14 0 
  2.084776e-14 0 
  2.088111e-14 0 
  2.091447e-14 0 
  2.094783e-14 0 
  2.098118e-14 0 
  2.101454e-14 0 
  2.104789e-14 0 
  2.108125e-14 0 
  2.111461e-14 0 
  2.114796e-14 0 
  2.118132e-14 0 
  2.121468e-14 0 
  2.124803e-14 0 
  2.128139e-14 0 
  2.131475e-14 0 
  2.134810e-14 0 
  2.138146e-14 0 
  2.141481e-14 0 
  2.144817e-14 0 
  2.148153e-14 0 
  2.151488e-14 0 
  2.154824e-14 0 
  2.158160e-14 0 
  2.161495e-14 0 
  2.164831e-14 0 
  2.168167e-14 0 
  2.171502e-14 0 
  2.174838e-14 0 
  2.178174e-14 0 
  2.181509e-14 0 
  2.184845e-14 0 
  2.188180e-14 0 
  2.191516e-14 0 
  2.194852e-14 0 
  2.198187e-14 0 
  2.201523e-14 0 
  2.204859e-14 0 
  2.208194e-14 0 
  2.211530e-14 0 
  2.214866e-14 0 
  2.218201e-14 0 
  2.221537e-14 0 
  2.224873e-14 0 
  2.228208e-14 0 
  2.231544e-14 0 
  2.234879e-14 0 
  2.238215e-14 0 
  2.241551e-14 0 
  2.244886e-14 0 
  2.248222e-14 0 
  2.251558e-14 0 
  2.254893e-14 0 
  2.258229e-14 0 
  2.261565e-14 0 
  2.264900e-14 0 
  2.268236e-14 0 
  2.271571e-14 0 
  2.274907e-14 0 
  2.278243e-14 0 
  2.281578e-14 0 
  2.284914e-14 0 
  2.288250e-14 0 
  2.291585e-14 0 
  2.294921e-14 0 
  2.298257e-14 0 
  2.301592e-14 0 
  2.304928e-14 0 
  2.308264e-14 0 
  2.311599e-14 0 
  2.314935e-14 0 
  2.318270e-14 0 
  2.321606e-14 0 
  2.324942e-14 0 
  2.328277e-14 0 
  2.331613e-14 0 
  2.334949e-14 0 
  2.338284e-14 0 
  2.341620e-14 0 
  2.344956e-14 0 
  2.348291e-14 0 
  2.351627e-14 0 
  2.354963e-14 0 
  2.358298e-14 0 
  2.361634e-14 0 
  2.364969e-14 0 
  2.368305e-14 0 
  2.371641e-14 0 
  2.374976e-14 0 
  2.378312e-14 0 
  2.381648e-14 0 
  2.384983e-14 0 
  2.388319e-14 0 
  2.391655e-14 0 
  2.394990e-14 0 
  2.398326e-14 0 
  2.401661e-14 0 
  2.404997e-14 0 
  2.408333e-14 0 
  2.411668e-14 0 
  2.415004e-14 0 
  2.418340e-14 0 
  2.421675e-14 0 
  2.425011e-14 0 
  2.428347e-14 0 
  2.431682e-14 0 
  2.435018e-14 0 
  2.438354e-14 0 
  2.441689e-14 0 
  2.445025e-14 0 
  2.448360e-14 0 
  2.451696e-14 0 
  2.455032e-14 0 
  2.458367e-14 0 
  2.461703e-14 0 
  2.465039e-14 0 
  2.468374e-14 0 
  2.471710e-14 0 
  2.475046e-14 0 
  2.478381e-14 0 
  2.481717e-14 0 
  2.485053e-14 0 
  2.488388e-14 0 
  2.491724e-14 0 
  2.495059e-14 0 
  2.498395e-14 0 
  2.501731e-14 0 
  2.505066e-14 0 
  2.508402e-14 0 
  2.511738e-14 0 
  2.515073e-14 0 
  2.518409e-14 0 
  2.521745e-14 0 
  2.525080e-14 0 
  2.528416e-14 0 
  2.531751e-14 0 
  2.535087e-14 0 
  2.538423e-14 0 
  2.541758e-14 0 
  2.545094e-14 0 
  2.548430e-14 0 
  2.551765e-14 0 
  2.555101e-14 0 
  2.558437e-14 0 
  2.561772e-14 0 
  2.565108e-14 0 
  2.568444e-14 0 
  2.571779e-14 0 
  2.575115e-14 0 
  2.578450e-14 0 
  2.581786e-14 0 
  2.585122e-14 0 
  2.588457e-14 0 
  2.591793e-14 0 
  2.595129e-14 0 
  2.598464e-14 0 
  2.601800e-14 0 
  2.605136e-14 0 
  2.608471e-14 0 
  2.611807e-14 0 
  2.615143e-14 0 
  2.618478e-14 0 
  2.621814e-14 0 
  2.625149e-14 0 
  2.628485e-14 0 
  2.631821e-14 0 
  2.635156e-14 0 
  2.638492e-14 0 
  2.641828e-14 0 
  2.645163e-14 0 
  2.648499e-14 0 
  2.651835e-14 0 
  2.655170e-14 0 
  2.658506e-14 0 
  2.661841e-14 0 
  2.665177e-14 0 
  2.668513e-14 0 
  2.671848e-14 0 
  2.675184e-14 0 
  2.678520e-14 0 
  2.681855e-14 0 
  2.685191e-14 0 
  2.688527e-14 0 
  2.691862e-14 0 
  2.695198e-14 0 
  2.698534e-14 0 
  2.701869e-14 0 
  2.705205e-14 0 
  2.708540e-14 0 
  2.711876e-14 0 
  2.715212e-14 0 
  2.718547e-14 0 
  2.721883e-14 0 
  2.725219e-14 0 
  2.728554e-14 0 
  2.731890e-14 0 
  2.735226e-14 0 
  2.738561e-14 0 
  2.741897e-14 0 
  2.745233e-14 0 
  2.748568e-14 0 
  2.751904e-14 0 
  2.755239e-14 0 
  2.758575e-14 0 
  2.761911e-14 0 
  2.765246e-14 0 
  2.768582e-14 0 
  2.771918e-14 0 
  2.775253e-14 0 
  2.778589e-14 0 
  2.781925e-14 0 
  2.785260e-14 0 
  2.788596e-14 0 
  2.791931e-14 0 
  2.795267e-14 0 
  2.798603e-14 0 
  2.801938e-14 0 
  2.805274e-14 0 
  2.808610e-14 0 
  2.811945e-14 0 
  2.815281e-14 0 
  2.818617e-14 0 
  2.821952e-14 0 
  2.825288e-14 0 
  2.828624e-14 0 
  2.831959e-14 0 
  2.835295e-14 0 
  2.838630e-14 0 
  2.841966e-14 0 
  2.845302e-14 0 
  2.848637e-14 0 
  2.851973e-14 0 
  2.855309e-14 0 
  2.858644e-14 0 
  2.861980e-14 0 
  2.865316e-14 0 
  2.868651e-14 0 
  2.871987e-14 0 
  2.875323e-14 0 
  2.878658e-14 0 
  2.881994e-14 0 
  2.885329e-14 0 
  2.888665e-14 0 
  2.892001e-14 0 
  2.895336e-14 0 
  2.898672e-14 0 
  2.902008e-14 0 
  2.905343e-14 0 
  2.908679e-14 0 
  2.912015e-14 0 
  2.915350e-14 0 
  2.918686e-14 0 
  2.922021e-14 0 
  2.925357e-14 0 
  2.928693e-14 0 
  2.932028e-14 0 
  2.935364e-14 0 
  2.938700e-14 0 
  2.942035e-14 0 
  2.945371e-14 0 
  2.948707e-14 0 
  2.952042e-14 0 
  2.955378e-14 0 
  2.958714e-14 0 
  2.962049e-14 0 
  2.965385e-14 0 
  2.968720e-14 0 
  2.972056e-14 0 
  2.975392e-14 0 
  2.978727e-14 0 
  2.982063e-14 0 
  2.985399e-14 0 
  2.988734e-14 0 
  2.992070e-14 0 
  2.995406e-14 0 
  2.998741e-14 0 
  3.002077e-14 0 
  3.005412e-14 0 
  3.008748e-14 0 
  3.012084e-14 0 
  3.015419e-14 0 
  3.018755e-14 0 
  3.022091e-14 0 
  3.025426e-14 0 
  3.028762e-14 0 
  3.032098e-14 0 
  3.035433e-14 0 
  3.038769e-14 0 
  3.042105e-14 0 
  3.045440e-14 0 
  3.048776e-14 0 
  3.052111e-14 0 
  3.055447e-14 0 
  3.058783e-14 0 
  3.062118e-14 0 
  3.065454e-14 0 
  3.068790e-14 0 
  3.072125e-14 0 
  3.075461e-14 0 
  3.078797e-14 0 
  3.082132e-14 0 
  3.085468e-14 0 
  3.088804e-14 0 
  3.092139e-14 0 
  3.095475e-14 0 
  3.098810e-14 0 
  3.102146e-14 0 
  3.105482e-14 0 
  3.108817e-14 0 
  3.112153e-14 0 
  3.115489e-14 0 
  3.118824e-14 0 
  3.122160e-14 0 
  3.125496e-14 0 
  3.128831e-14 0 
  3.132167e-14 0 
  3.135502e-14 0 
  3.138838e-14 0 
  3.142174e-14 0 
  3.145509e-14 0 
  3.148845e-14 0 
  3.152181e-14 0 
  3.155516e-14 0 
  3.158852e-14 0 
  3.162188e-14 0 
  3.165523e-14 0 
  3.168859e-14 0 
  3.172195e-14 0 
  3.175530e-14 0 
  3.178866e-14 0 
  3.182201e-14 0 
  3.185537e-14 0 
  3.188873e-14 0 
  3.192208e-14 0 
  3.195544e-14 0 
  3.198880e-14 0 
  3.202215e-14 0 
  3.205551e-14 0 
  3.208887e-14 0 
  3.212222e-14 0 
  3.215558e-14 0 
  3.218894e-14 0 
  3.222229e-14 0 
  3.225565e-14 0 
  3.228900e-14 0 
  3.232236e-14 0 
  3.235572e-14 0 
  3.238907e-14 0 
  3.242243e-14 0 
  3.245579e-14 0 
  3.248914e-14 0 
  3.252250e-14 0 
  3.255586e-14 0 
  3.258921e-14 0 
  3.262257e-14 0 
  3.265592e-14 0 
  3.268928e-14 0 
  3.272264e-14 0 
  3.275599e-14 0 
  3.278935e-14 0 
  3.282271e-14 0 
  3.285606e-14 0 
  3.288942e-14 0 
  3.292278e-14 0 
  3.295613e-14 0 
  3.298949e-14 0 
  3.302285e-14 0 
  3.305620e-14 0 
  3.308956e-14 0 
  3.312291e-14 0 
  3.315627e-14 0 
  3.318963e-14 0 
  3.322298e-14 0 
  3.325634e-14 0 
  3.328970e-14 0 
  3.332305e-14 0 
  3.335641e-14 0 
  3.338977e-14 0 
  3.342312e-14 0 
  3.345648e-14 0 
  3.348984e-14 0 
  3.352319e-14 0 
  3.355655e-14 0 
  3.358990e-14 0 
  3.362326e-14 0 
  3.365662e-14 0 
  3.368997e-14 0 
  3.372333e-14 0 
  3.375669e-14 0 
  3.379004e-14 0 
  3.382340e-14 0 
  3.385676e-14 0 
  3.389011e-14 0 
  3.392347e-14 0 
  3.395682e-14 0 
  3.399018e-14 0 
  3.402354e-14 0 
  3.405689e-14 0 
  3.409025e-14 0 
  3.412361e-14 0 
  3.415696e-14 0 
  3.419032e-14 0 
  3.422368e-14 0 
  3.425703e-14 0 
  3.429039e-14 0 
  3.432375e-14 0 
  3.435710e-14 0 
  3.439046e-14 0 
  3.442381e-14 0 
  3.445717e-14 0 
  3.449053e-14 0 
  3.452388e-14 0 
  3.455724e-14 0 
  3.459060e-14 0 
  3.462395e-14 0 
  3.465731e-14 0 
  3.469067e-14 0 
  3.472402e-14 0 
  3.475738e-14 0 
  3.479074e-14 0 
  3.482409e-14 0 
  3.485745e-14 0 
  3.489080e-14 0 
  3.492416e-14 0 
  3.495752e-14 0 
  3.499087e-14 0 
  3.502423e-14 0 
  3.505759e-14 0 
  3.509094e-14 0 
  3.512430e-14 0 
  3.515766e-14 0 
  3.519101e-14 0 
  3.522437e-14 0 
  3.525772e-14 0 
  3.529108e-14 0 
  3.532444e-14 0 
  3.535779e-14 0 
  3.539115e-14 0 
  3.542451e-14 0 
  3.545786e-14 0 
  3.549122e-14 -5.187265e-04 
  3.552458e-14 -5.308399e-05 
  3.555793e-14 5.259285e-04 
  3.559129e-14 1.213576e-03 
  3.562465e-14 2.004372e-03 
  3.565800e-14 2.892275e-03 
  3.569136e-14 3.870670e-03 
  3.572471e-14 4.932199e-03 
  3.575807e-14 6.068628e-03 
  3.579143e-14 7.270912e-03 
  3.582478e-14 8.529463e-03 
  3.585814e-14 9.834407e-03 
  3.589150e-14 1.117570e-02 
  3.592485e-14 1.254309e-02 
  3.595821e-14 1.392611e-02 
  3.599157e-14 1.531420e-02 
  3.602492e-14 1.669701e-02 
  3.605828e-14 1.806456e-02 
  3.609164e-14 1.940737e-02 
  3.612499e-14 2.071633e-02 
  3.615835e-14 2.198267e-02 
  3.619170e-14 2.319793e-02 
  3.622506e-14 2.435424e-02 
  3.625842e-14 2.544447e-02 
  3.629177e-14 2.646230e-02 
  3.632513e-14 2.740217e-02 
  3.635849e-14 2.825922e-02 
  3.639184e-14 2.902940e-02 
  3.642520e-14 2.970956e-02 
  3.645856e-14 3.029760e-02 
  3.649191e-14 3.079248e-02 
  3.652527e-14 3.119404e-02 
  3.655862e-14 3.150297e-02 
  3.659198e-14 3.172067e-02 
  3.662534e-14 3.184935e-02 
  3.665869e-14 3.189206e-02 
  3.669205e-14 3.185258e-02 
  3.672541e-14 3.173538e-02 
  3.675876e-14 3.154549e-02 
  3.679212e-14 3.128847e-02 
  3.682548e-14 3.097039e-02 
  3.685883e-14 3.059782e-02 
  3.689219e-14 3.017770e-02 
  3.692555e-14 2.971723e-02 
  3.695890e-14 2.922372e-02 
  3.699226e-14 2.870457e-02 
  3.702561e-14 2.816713e-02 
  3.705897e-14 2.761872e-02 
  3.709233e-14 2.706652e-02 
  3.712568e-14 2.651750e-02 
  3.715904e-14 2.597834e-02 
  3.719240e-14 2.545534e-02 
  3.722575e-14 2.495446e-02 
  3.725911e-14 2.448115e-02 
  3.729247e-14 2.404032e-02 
  3.732582e-14 2.363633e-02 
  3.735918e-14 2.327288e-02 
  3.739254e-14 2.295308e-02 
  3.742589e-14 2.267940e-02 
  3.745925e-14 2.245367e-02 
  3.749260e-14 2.227705e-02 
  3.752596e-14 2.215005e-02 
  3.755932e-14 2.207261e-02 
  3.759267e-14 2.204405e-02 
  3.762603e-14 2.206316e-02 
  3.765939e-14 2.212811e-02 
  3.769274e-14 2.223650e-02 
  3.772610e-14 2.238544e-02 
  3.775946e-14 2.257157e-02 
  3.779281e-14 2.279120e-02 
  3.782617e-14 2.304031e-02 
  3.785952e-14 2.331460e-02 
  3.789288e-14 2.360951e-02 
  3.792624e-14 2.392035e-02 
  3.795959e-14 2.424240e-02 
  3.799295e-14 2.457097e-02 
  3.802631e-14 2.490143e-02 
  3.805966e-14 2.522924e-02 
  3.809302e-14 2.554996e-02 
  3.812638e-14 2.585935e-02 
  3.815973e-14 2.615341e-02 
  3.819309e-14 2.642849e-02 
  3.822645e-14 2.668127e-02 
  3.825980e-14 2.690878e-02 
  3.829316e-14 2.710842e-02 
  3.832651e-14 2.727803e-02 
  3.835987e-14 2.741591e-02 
  3.839323e-14 2.752085e-02 
  3.842658e-14 2.759215e-02 
  3.845994e-14 2.762952e-02 
  3.849330e-14 2.763313e-02 
  3.852665e-14 2.760356e-02 
  3.856001e-14 2.754184e-02 
  3.859337e-14 2.744945e-02 
  3.862672e-14 2.732822e-02 
  3.866008e-14 2.718034e-02 
  3.869344e-14 2.700830e-02 
  3.872679e-14 2.681484e-02 
  3.876015e-14 2.660296e-02 
  3.879350e-14 2.637583e-02 
  3.882686e-14 2.613679e-02 
  3.886022e-14 2.588924e-02 
  3.889357e-14 2.563665e-02 
  3.892693e-14 2.538247e-02 
  3.896029e-14 2.513014e-02 
  3.899364e-14 2.488298e-02 
  3.902700e-14 2.464421e-02 
  3.906036e-14 2.441684e-02 
  3.909371e-14 2.420369e-02 
  3.912707e-14 2.400734e-02 
  3.916042e-14 2.383010e-02 
  3.919378e-14 2.367396e-02 
  3.922714e-14 2.354059e-02 
  3.926049e-14 2.343136e-02 
  3.929385e-14 2.334727e-02 
  3.932721e-14 2.328900e-02 
  3.936056e-14 2.325686e-02 
  3.939392e-14 2.325080e-02 
  3.942728e-14 2.327038e-02 
  3.946063e-14 2.331485e-02 
  3.949399e-14 2.338314e-02 
  3.952735e-14 2.347385e-02 
  3.956070e-14 2.358534e-02 
  3.959406e-14 2.371563e-02 
  3.962741e-14 2.386256e-02 
  3.966077e-14 2.402376e-02 
  3.969413e-14 2.419675e-02 
  3.972748e-14 2.437896e-02 
  3.976084e-14 2.456774e-02 
  3.979420e-14 2.476036e-02 
  3.982755e-14 2.495408e-02 
  3.986091e-14 2.514618e-02 
  3.989427e-14 2.533402e-02 
  3.992762e-14 2.551505e-02 
  3.996098e-14 2.568684e-02 
  3.999434e-14 2.584711e-02 
  4.002769e-14 2.599375e-02 
  4.006105e-14 2.612487e-02 
  4.009440e-14 2.623888e-02 
  4.012776e-14 2.633445e-02 
  4.016112e-14 2.641050e-02 
  4.019447e-14 2.646622e-02 
  4.022783e-14 2.650109e-02 
  4.026119e-14 2.651488e-02 
  4.029454e-14 2.650766e-02 
  4.032790e-14 2.647978e-02 
  4.036126e-14 2.643189e-02 
  4.039461e-14 2.636485e-02 
  4.042797e-14 2.627982e-02 
  4.046132e-14 2.617813e-02 
  4.049468e-14 2.606140e-02 
  4.052804e-14 2.593140e-02 
  4.056139e-14 2.579006e-02 
  4.059475e-14 2.563944e-02 
  4.062811e-14 2.548169e-02 
  4.066146e-14 2.531905e-02 
  4.069482e-14 2.515377e-02 
  4.072818e-14 2.498815e-02 
  4.076153e-14 2.482442e-02 
  4.079489e-14 2.466478e-02 
  4.082825e-14 2.451135e-02 
  4.086160e-14 2.436615e-02 
  4.089496e-14 2.423105e-02 
  4.092831e-14 2.410774e-02 
  4.096167e-14 2.399775e-02 
  4.099503e-14 2.390238e-02 
  4.102838e-14 2.382275e-02 
  4.106174e-14 2.375973e-02 
  4.109510e-14 2.371395e-02 
  4.112845e-14 2.368580e-02 
  4.116181e-14 2.367543e-02 
  4.119517e-14 2.368275e-02 
  4.122852e-14 2.370743e-02 
  4.126188e-14 2.374893e-02 
  4.129523e-14 2.380644e-02 
  4.132859e-14 2.387895e-02 
  4.136195e-14 2.396526e-02 
  4.139530e-14 2.406400e-02 
  4.142866e-14 2.417364e-02 
  4.146202e-14 2.429254e-02 
  4.149537e-14 2.441891e-02 
  4.152873e-14 2.455090e-02 
  4.156209e-14 2.468658e-02 
  4.159544e-14 2.482402e-02 
  4.162880e-14 2.496128e-02 
  4.166216e-14 2.509648e-02 
  4.169551e-14 2.522774e-02 
  4.172887e-14 2.535326e-02 
  4.176222e-14 2.547134e-02 
  4.179558e-14 2.558040e-02 
  4.182894e-14 2.567901e-02 
  4.186229e-14 2.576589e-02 
  4.189565e-14 2.583994e-02 
  4.192901e-14 2.590021e-02 
  4.196236e-14 2.594600e-02 
  4.199572e-14 2.597680e-02 
  4.202908e-14 2.599235e-02 
  4.206243e-14 2.599257e-02 
  4.209579e-14 2.597759e-02 
  4.212915e-14 2.594775e-02 
  4.216250e-14 2.590357e-02 
  4.219586e-14 2.584578e-02 
  4.222921e-14 2.577530e-02 
  4.226257e-14 2.569319e-02 
  4.229593e-14 2.560069e-02 
  4.232928e-14 2.549915e-02 
  4.236264e-14 2.539005e-02 
  4.239600e-14 2.527493e-02 
  4.242935e-14 2.515544e-02 
  4.246271e-14 2.503324e-02 
  4.249607e-14 2.491003e-02 
  4.252942e-14 2.478748e-02 
  4.256278e-14 2.466728e-02 
  4.259613e-14 2.455103e-02 
  4.262949e-14 2.444028e-02 
  4.266285e-14 2.433650e-02 
  4.269620e-14 2.424103e-02 
  4.272956e-14 2.415509e-02 
  4.276292e-14 2.407978e-02 
  4.279627e-14 2.401601e-02 
  4.282963e-14 2.396456e-02 
  4.286299e-14 2.392599e-02 
  4.289634e-14 2.390070e-02 
  4.292970e-14 2.388890e-02 
  4.296306e-14 2.389061e-02 
  4.299641e-14 2.390568e-02 
  4.302977e-14 2.393375e-02 
  4.306312e-14 2.397429e-02 
  4.309648e-14 2.402660e-02 
  4.312984e-14 2.408987e-02 
  4.316319e-14 2.416312e-02 
  4.319655e-14 2.424523e-02 
  4.322991e-14 2.433496e-02 
  4.326326e-14 2.443098e-02 
  4.329662e-14 2.453188e-02 
  4.332998e-14 2.463621e-02 
  4.336333e-14 2.474247e-02 
  4.339669e-14 2.484917e-02 
  4.343005e-14 2.495481e-02 
  4.346340e-14 2.505790e-02 
  4.349676e-14 2.515703e-02 
  4.353011e-14 2.525085e-02 
  4.356347e-14 2.533811e-02 
  4.359683e-14 2.541762e-02 
  4.363018e-14 2.548834e-02 
  4.366354e-14 2.554932e-02 
  4.369690e-14 2.559980e-02 
  4.373025e-14 2.563913e-02 
  4.376361e-14 2.566688e-02 
  4.379697e-14 2.568272e-02 
  4.383032e-14 2.568650e-02 
  4.386368e-14 2.567825e-02 
  4.389703e-14 2.565816e-02 
  4.393039e-14 2.562658e-02 
  4.396375e-14 2.558403e-02 
  4.399710e-14 2.553117e-02 
  4.403046e-14 2.546880e-02 
  4.406382e-14 2.539784e-02 
  4.409717e-14 2.531932e-02 
  4.413053e-14 2.523438e-02 
  4.416389e-14 2.514424e-02 
  4.419724e-14 2.505017e-02 
  4.423060e-14 2.495347e-02 
  4.426396e-14 2.485550e-02 
  4.429731e-14 2.475761e-02 
  4.433067e-14 2.466113e-02 
  4.436402e-14 2.456738e-02 
  4.439738e-14 2.447763e-02 
  4.443074e-14 2.439307e-02 
  4.446409e-14 2.431483e-02 
  4.449745e-14 2.424393e-02 
  4.453081e-14 2.418128e-02 
  4.456416e-14 2.412769e-02 
  4.459752e-14 2.408381e-02 
  4.463088e-14 2.405016e-02 
  4.466423e-14 2.402713e-02 
  4.469759e-14 2.401494e-02 
  4.473095e-14 2.401368e-02 
  4.476430e-14 2.402325e-02 
  4.479766e-14 2.404343e-02 
  4.483101e-14 2.407387e-02 
  4.486437e-14 2.411406e-02 
  4.489773e-14 2.416337e-02 
  4.493108e-14 2.422105e-02 
  4.496444e-14 2.428620e-02 
  4.499780e-14 2.435788e-02 
  4.503115e-14 2.443502e-02 
  4.506451e-14 2.451651e-02 
  4.509787e-14 2.460117e-02 
  4.513122e-14 2.468781e-02 
  4.516458e-14 2.477517e-02 
  4.519793e-14 2.486204e-02 
  4.523129e-14 2.494720e-02 
  4.526465e-14 2.502948e-02 
  4.529800e-14 2.510776e-02 
  4.533136e-14 2.518096e-02 
  4.536472e-14 2.524808e-02 
  4.539807e-14 2.530822e-02 
  4.543143e-14 2.536058e-02 
  4.546479e-14 2.540449e-02 
  4.549814e-14 2.543938e-02 
  4.553150e-14 2.546482e-02 
  4.556486e-14 2.548049e-02 
  4.559821e-14 2.548622e-02 
  4.563157e-14 2.548199e-02 
  4.566492e-14 2.546792e-02 
  4.569828e-14 2.544425e-02 
  4.573164e-14 2.541137e-02 
  4.576499e-14 2.536977e-02 
  4.579835e-14 2.532009e-02 
  4.583171e-14 2.526305e-02 
  4.586506e-14 2.519948e-02 
  4.589842e-14 2.513031e-02 
  4.593178e-14 2.505650e-02 
  4.596513e-14 2.497909e-02 
  4.599849e-14 2.489918e-02 
  4.603185e-14 2.481787e-02 
  4.606520e-14 2.473629e-02 
  4.609856e-14 2.465556e-02 
  4.613191e-14 2.457680e-02 
  4.616527e-14 2.450105e-02 
  4.619863e-14 2.442936e-02 
  4.623198e-14 2.436267e-02 
  4.626534e-14 2.430186e-02 
  4.629870e-14 2.424774e-02 
  4.633205e-14 2.420099e-02 
  4.636541e-14 2.416223e-02 
  4.639877e-14 2.413192e-02 
  4.643212e-14 2.411043e-02 
  4.646548e-14 2.409798e-02 
  4.649883e-14 2.409469e-02 
  4.653219e-14 2.410054e-02 
  4.656555e-14 2.411538e-02 
  4.659890e-14 2.413897e-02 
  4.663226e-14 2.417089e-02 
  4.666562e-14 2.421065e-02 
  4.669897e-14 2.425764e-02 
  4.673233e-14 2.431114e-02 
  4.676569e-14 2.437038e-02 
  4.679904e-14 2.443449e-02 
  4.683240e-14 2.450254e-02 
  4.686576e-14 2.457356e-02 
  4.689911e-14 2.464652e-02 
  4.693247e-14 2.472039e-02 
  4.696582e-14 2.479415e-02 
  4.699918e-14 2.486676e-02 
  4.703254e-14 2.493720e-02 
  4.706589e-14 2.500450e-02 
  4.709925e-14 2.506772e-02 
  4.713261e-14 2.512600e-02 
  4.716596e-14 2.517859e-02 
  4.719932e-14 2.522476e-02 
  4.723268e-14 2.526391e-02 
  4.726603e-14 2.529553e-02 
  4.729939e-14 2.531919e-02 
  4.733275e-14 2.533461e-02 
  4.736610e-14 2.534161e-02 
  4.739946e-14 2.534013e-02 
  4.743281e-14 2.533022e-02 
  4.746617e-14 2.531207e-02 
  4.749953e-14 2.528595e-02 
  4.753288e-14 2.525226e-02 
  4.756624e-14 2.521152e-02 
  4.759960e-14 2.516433e-02 
  4.763295e-14 2.511135e-02 
  4.766631e-14 2.505335e-02 
  4.769967e-14 2.499116e-02 
  4.773302e-14 2.492565e-02 
  4.776638e-14 2.485774e-02 
  4.779973e-14 2.478838e-02 
  4.783309e-14 2.471854e-02 
  4.786645e-14 2.464917e-02 
  4.789980e-14 2.458123e-02 
  4.793316e-14 2.451564e-02 
  4.796652e-14 2.445331e-02 
  4.799987e-14 2.439506e-02 
  4.803323e-14 2.434167e-02 
  4.806659e-14 2.429386e-02 
  4.809994e-14 2.425225e-02 
  4.813330e-14 2.421738e-02 
  4.816666e-14 2.418968e-02 
  4.820001e-14 2.416950e-02 
  4.823337e-14 2.415707e-02 
  4.826672e-14 2.415253e-02 
  4.830008e-14 2.415590e-02 
  4.833344e-14 2.416709e-02 
  4.836679e-14 2.418588e-02 
  4.840015e-14 2.421196e-02 
  4.843351e-14 2.424493e-02 
  4.846686e-14 2.428428e-02 
  4.850022e-14 2.432944e-02 
  4.853358e-14 2.437973e-02 
  4.856693e-14 2.443442e-02 
  4.860029e-14 2.449272e-02 
  4.863365e-14 2.455381e-02 
  4.866700e-14 2.461681e-02 
  4.870036e-14 2.468085e-02 
  4.873371e-14 2.474503e-02 
  4.876707e-14 2.480843e-02 
  4.880043e-14 2.487019e-02 
  4.883378e-14 2.492944e-02 
  4.886714e-14 2.498538e-02 
  4.890050e-14 2.503723e-02 
  4.893385e-14 2.508430e-02 
  4.896721e-14 2.512592e-02 
  4.900057e-14 2.516155e-02 
  4.903392e-14 2.519070e-02 
  4.906728e-14 2.521300e-02 
  4.910063e-14 2.522818e-02 
  4.913399e-14 2.523606e-02 
  4.916735e-14 2.523655e-02 
  4.920070e-14 2.522967e-02 
  4.923406e-14 2.521556e-02 
  4.926742e-14 2.519442e-02 
  4.930077e-14 2.516660e-02 
  4.933413e-14 2.513249e-02 
  4.936749e-14 2.509259e-02 
  4.940084e-14 2.504748e-02 
  4.943420e-14 2.499781e-02 
  4.946756e-14 2.494428e-02 
  4.950091e-14 2.488766e-02 
  4.953427e-14 2.482872e-02 
  4.956762e-14 2.476830e-02 
  4.960098e-14 2.470723e-02 
  4.963434e-14 2.464637e-02 
  4.966769e-14 2.458654e-02 
  4.970105e-14 2.452858e-02 
  4.973441e-14 2.447326e-02 
  4.976776e-14 2.442135e-02 
  4.980112e-14 2.437353e-02 
  4.983448e-14 2.433045e-02 
  4.986783e-14 2.429268e-02 
  4.990119e-14 2.426072e-02 
  4.993455e-14 2.423497e-02 
  4.996790e-14 2.421577e-02 
  5.000126e-14 2.420334e-02 
  5.003461e-14 2.419782e-02 
  5.006797e-14 2.419926e-02 
  5.010133e-14 2.420758e-02 
  5.013468e-14 2.422263e-02 
  5.016804e-14 2.424419e-02 
  5.020140e-14 2.427190e-02 
  5.023475e-14 2.430537e-02 
  5.026811e-14 2.434409e-02 
  5.030147e-14 2.438748e-02 
  5.033482e-14 2.443492e-02 
  5.036818e-14 2.448573e-02 
  5.040153e-14 2.453918e-02 
  5.043489e-14 2.459452e-02 
  5.046825e-14 2.465097e-02 
  5.050160e-14 2.470772e-02 
  5.053496e-14 2.476399e-02 
  5.056832e-14 2.481899e-02 
  5.060167e-14 2.487197e-02 
  5.063503e-14 2.492220e-02 
  5.066839e-14 2.496896e-02 
  5.070174e-14 2.501162e-02 
  5.073510e-14 2.504961e-02 
  5.076846e-14 2.508240e-02 
  5.080181e-14 2.510958e-02 
  5.083517e-14 2.513078e-02 
  5.086852e-14 2.514573e-02 
  5.090188e-14 2.515423e-02 
  5.093524e-14 2.515620e-02 
  5.096859e-14 2.515163e-02 
  5.100195e-14 2.514061e-02 
  5.103531e-14 2.512332e-02 
  5.106866e-14 2.510001e-02 
  5.110202e-14 2.507104e-02 
  5.113538e-14 2.503682e-02 
  5.116873e-14 2.499785e-02 
  5.120209e-14 2.495468e-02 
  5.123545e-14 2.490794e-02 
  5.126880e-14 2.485827e-02 
  5.130216e-14 2.480638e-02 
  5.133551e-14 2.475299e-02 
  5.136887e-14 2.469884e-02 
  5.140223e-14 2.464470e-02 
  5.143558e-14 2.459131e-02 
  5.146894e-14 2.453939e-02 
  5.150230e-14 2.448968e-02 
  5.153565e-14 2.444283e-02 
  5.156901e-14 2.439949e-02 
  5.160237e-14 2.436024e-02 
  5.163572e-14 2.432560e-02 
  5.166908e-14 2.429603e-02 
  5.170243e-14 2.427193e-02 
  5.173579e-14 2.425360e-02 
  5.176915e-14 2.424127e-02 
  5.180250e-14 2.423509e-02 
  5.183586e-14 2.423510e-02 
  5.186922e-14 2.424129e-02 
  5.190257e-14 2.425355e-02 
  5.193593e-14 2.427166e-02 
  5.196929e-14 2.429537e-02 
  5.200264e-14 2.432429e-02 
  5.203600e-14 2.435800e-02 
  5.206936e-14 2.439602e-02 
  5.210271e-14 2.443781e-02 
  5.213607e-14 2.448276e-02 
  5.216942e-14 2.453024e-02 
  5.220278e-14 2.457958e-02 
  5.223614e-14 2.463007e-02 
  5.226949e-14 2.468102e-02 
  5.230285e-14 2.473170e-02 
  5.233621e-14 2.478142e-02 
  5.236956e-14 2.482947e-02 
  5.240292e-14 2.487518e-02 
  5.243628e-14 2.491794e-02 
  5.246963e-14 2.495715e-02 
  5.250299e-14 2.499229e-02 
  5.253634e-14 2.502288e-02 
  5.256970e-14 2.504852e-02 
  5.260306e-14 2.506886e-02 
  5.263641e-14 2.508362e-02 
  5.266977e-14 2.509264e-02 
  5.270313e-14 2.509581e-02 
  5.273648e-14 2.509310e-02 
  5.276984e-14 2.508457e-02 
  5.280320e-14 2.507035e-02 
  5.283655e-14 2.505066e-02 
  5.286991e-14 2.502579e-02 
  5.290327e-14 2.499610e-02 
  5.293662e-14 2.496203e-02 
  5.296998e-14 2.492405e-02 
  5.300333e-14 2.488271e-02 
  5.303669e-14 2.483860e-02 
  5.307005e-14 2.479233e-02 
  5.310340e-14 2.474456e-02 
  5.313676e-14 2.469596e-02 
  5.317012e-14 2.464719e-02 
  5.320347e-14 2.459893e-02 
  5.323683e-14 2.455184e-02 
  5.327019e-14 2.450659e-02 
  5.330354e-14 2.446377e-02 
  5.333690e-14 2.442399e-02 
  5.337026e-14 2.438777e-02 
  5.340361e-14 2.435560e-02 
  5.343697e-14 2.432792e-02 
  5.347032e-14 2.430510e-02 
  5.350368e-14 2.428742e-02 
  5.353704e-14 2.427510e-02 
  5.357039e-14 2.426831e-02 
  5.360375e-14 2.426712e-02 
  5.363711e-14 2.427151e-02 
  5.367046e-14 2.428141e-02 
  5.370382e-14 2.429664e-02 
  5.373718e-14 2.431698e-02 
  5.377053e-14 2.434212e-02 
  5.380389e-14 2.437169e-02 
  5.383724e-14 2.440528e-02 
  5.387060e-14 2.444239e-02 
  5.390396e-14 2.448249e-02 
  5.393731e-14 2.452501e-02 
  5.397067e-14 2.456935e-02 
  5.400403e-14 2.461487e-02 
  5.403738e-14 2.466096e-02 
  5.407074e-14 2.470695e-02 
  5.410410e-14 2.475222e-02 
  5.413745e-14 2.479611e-02 
  5.417081e-14 2.483805e-02 
  5.420417e-14 2.487743e-02 
  5.423752e-14 2.491374e-02 
  5.427088e-14 2.494647e-02 
  5.430423e-14 2.497516e-02 
  5.433759e-14 2.499944e-02 
  5.437095e-14 2.501898e-02 
  5.440430e-14 2.503352e-02 
  5.443766e-14 2.504290e-02 
  5.447102e-14 2.504697e-02 
  5.450437e-14 2.504572e-02 
  5.453773e-14 2.503916e-02 
  5.457109e-14 2.502740e-02 
  5.460444e-14 2.501064e-02 
  5.463780e-14 2.498910e-02 
  5.467116e-14 2.496312e-02 
  5.470451e-14 2.493306e-02 
  5.473787e-14 2.489935e-02 
  5.477122e-14 2.486247e-02 
  5.480458e-14 2.482295e-02 
  5.483794e-14 2.478135e-02 
  5.487129e-14 2.473824e-02 
  5.490465e-14 2.469423e-02 
  5.493801e-14 2.464993e-02 
  5.497136e-14 2.460596e-02 
  5.500472e-14 2.456293e-02 
  5.503808e-14 2.452142e-02 
  5.507143e-14 2.448202e-02 
  5.510479e-14 2.444525e-02 
  5.513814e-14 2.441163e-02 
  5.517150e-14 2.438159e-02 
  5.520486e-14 2.435556e-02 
  5.523821e-14 2.433387e-02 
  5.527157e-14 2.431681e-02 
  5.530493e-14 2.430460e-02 
  5.533828e-14 2.429739e-02 
  5.537164e-14 2.429528e-02 
  5.540500e-14 2.429826e-02 
  5.543835e-14 2.430627e-02 
  5.547171e-14 2.431919e-02 
  5.550507e-14 2.433682e-02 
  5.553842e-14 2.435890e-02 
  5.557178e-14 2.438512e-02 
  5.560513e-14 2.441507e-02 
  5.563849e-14 2.444834e-02 
  5.567185e-14 2.448445e-02 
  5.570520e-14 2.452289e-02 
  5.573856e-14 2.456312e-02 
  5.577192e-14 2.460458e-02 
  5.580527e-14 2.464667e-02 
  5.583863e-14 2.468880e-02 
  5.587199e-14 2.473040e-02 
  5.590534e-14 2.477088e-02 
  5.593870e-14 2.480969e-02 
  5.597206e-14 2.484629e-02 
  5.600541e-14 2.488017e-02 
  5.603877e-14 2.491087e-02 
  5.607212e-14 2.493797e-02 
  5.610548e-14 2.496111e-02 
  5.613884e-14 2.497999e-02 
  5.617219e-14 2.499435e-02 
  5.620555e-14 2.500400e-02 
  5.623891e-14 2.500883e-02 
  5.627226e-14 2.500876e-02 
  5.630562e-14 2.500384e-02 
  5.633898e-14 2.499413e-02 
  5.637233e-14 2.497979e-02 
  5.640569e-14 2.496102e-02 
  5.643904e-14 2.493811e-02 
  5.647240e-14 2.491138e-02 
  5.650576e-14 2.488122e-02 
  5.653911e-14 2.484806e-02 
  5.657247e-14 2.481236e-02 
  5.660583e-14 2.477463e-02 
  5.663918e-14 2.473540e-02 
  5.667254e-14 2.469521e-02 
  5.670590e-14 2.465464e-02 
  5.673925e-14 2.461423e-02 
  5.677261e-14 2.457456e-02 
  5.680597e-14 2.453616e-02 
  5.683932e-14 2.449958e-02 
  5.687268e-14 2.446530e-02 
  5.690603e-14 2.443381e-02 
  5.693939e-14 2.440552e-02 
  5.697275e-14 2.438081e-02 
  5.700610e-14 2.436003e-02 
  5.703946e-14 2.434344e-02 
  5.707282e-14 2.433126e-02 
  5.710617e-14 2.432365e-02 
  5.713953e-14 2.432070e-02 
  5.717289e-14 2.432243e-02 
  5.720624e-14 2.432880e-02 
  5.723960e-14 2.433972e-02 
  5.727296e-14 2.435500e-02 
  5.730631e-14 2.437444e-02 
  5.733967e-14 2.439773e-02 
  5.737302e-14 2.442454e-02 
  5.740638e-14 2.445449e-02 
  5.743974e-14 2.448716e-02 
  5.747309e-14 2.452207e-02 
  5.750645e-14 2.455873e-02 
  5.753981e-14 2.459663e-02 
  5.757316e-14 2.463523e-02 
  5.760652e-14 2.467399e-02 
  5.763988e-14 2.471238e-02 
  5.767323e-14 2.474987e-02 
  5.770659e-14 2.478593e-02 
  5.773994e-14 2.482006e-02 
  5.777330e-14 2.485179e-02 
  5.780666e-14 2.488068e-02 
  5.784001e-14 2.490636e-02 
  5.787337e-14 2.492846e-02 
  5.790673e-14 2.494669e-02 
  5.794008e-14 2.496080e-02 
  5.797344e-14 2.497060e-02 
  5.800680e-14 2.497599e-02 
  5.804015e-14 2.497688e-02 
  5.807351e-14 2.497329e-02 
  5.810687e-14 2.496527e-02 
  5.814022e-14 2.495294e-02 
  5.817358e-14 2.493649e-02 
  5.820693e-14 2.491616e-02 
  5.824029e-14 2.489225e-02 
  5.827365e-14 2.486509e-02 
  5.830700e-14 2.483508e-02 
  5.834036e-14 2.480263e-02 
  5.837372e-14 2.476821e-02 
  5.840707e-14 2.473230e-02 
  5.844043e-14 2.469540e-02 
  5.847379e-14 2.465802e-02 
  5.850714e-14 2.462069e-02 
  5.854050e-14 2.458393e-02 
  5.857386e-14 2.454824e-02 
  5.860721e-14 2.451412e-02 
  5.864057e-14 2.448203e-02 
  5.867392e-14 2.445242e-02 
  5.870728e-14 2.442569e-02 
  5.874064e-14 2.440220e-02 
  5.877399e-14 2.438227e-02 
  5.880735e-14 2.436617e-02 
  5.884071e-14 2.435410e-02 
  5.887406e-14 2.434623e-02 
  5.890742e-14 2.434264e-02 
  5.894078e-14 2.434339e-02 
  5.897413e-14 2.434844e-02 
  5.900749e-14 2.435771e-02 
  5.904084e-14 2.437106e-02 
  5.907420e-14 2.438828e-02 
  5.910756e-14 2.440914e-02 
  5.914091e-14 2.443332e-02 
  5.917427e-14 2.446049e-02 
  5.920763e-14 2.449026e-02 
  5.924098e-14 2.452220e-02 
  5.927434e-14 2.455586e-02 
  5.930770e-14 2.459077e-02 
  5.934105e-14 2.462644e-02 
  5.937441e-14 2.466238e-02 
  5.940777e-14 2.469807e-02 
  5.944112e-14 2.473303e-02 
  5.947448e-14 2.476675e-02 
  5.950783e-14 2.479879e-02 
  5.954119e-14 2.482869e-02 
  5.957455e-14 2.485606e-02 
  5.960790e-14 2.488052e-02 
  5.964126e-14 2.490173e-02 
  5.967462e-14 2.491940e-02 
  5.970797e-14 2.493331e-02 
  5.974133e-14 2.494326e-02 
  5.977469e-14 2.494912e-02 
  5.980804e-14 2.495083e-02 
  5.984140e-14 2.494837e-02 
  5.987476e-14 2.494177e-02 
  5.990811e-14 2.493116e-02 
  5.994147e-14 2.491669e-02 
  5.997482e-14 2.489857e-02 
  6.000818e-14 2.487706e-02 
  6.004154e-14 2.485247e-02 
  6.007489e-14 2.482514e-02 
  6.010825e-14 2.479548e-02 
  6.014161e-14 2.476388e-02 
  6.017496e-14 2.473080e-02 
  6.020832e-14 2.469670e-02 
  6.024168e-14 2.466206e-02 
  6.027503e-14 2.462735e-02 
  6.030839e-14 2.459307e-02 
  6.034174e-14 2.455968e-02 
  6.037510e-14 2.452765e-02 
  6.040846e-14 2.449742e-02 
  6.044181e-14 2.446940e-02 
  6.047517e-14 2.444397e-02 
  6.050853e-14 2.442148e-02 
  6.054188e-14 2.440224e-02 
  6.057524e-14 2.438650e-02 
  6.060860e-14 2.437447e-02 
  6.064195e-14 2.436631e-02 
  6.067531e-14 2.436213e-02 
  6.070867e-14 2.436198e-02 
  6.074202e-14 2.436583e-02 
  6.077538e-14 2.437363e-02 
  6.080873e-14 2.438525e-02 
  6.084209e-14 2.440052e-02 
  6.087545e-14 2.441922e-02 
  6.090880e-14 2.444107e-02 
  6.094216e-14 2.446576e-02 
  6.097552e-14 2.449294e-02 
  6.100887e-14 2.452223e-02 
  6.104223e-14 2.455321e-02 
  6.107559e-14 2.458546e-02 
  6.110894e-14 2.461852e-02 
  6.114230e-14 2.465193e-02 
  6.117566e-14 2.468520e-02 
  6.120901e-14 2.471788e-02 
  6.124237e-14 2.474952e-02 
  6.127572e-14 2.477968e-02 
  6.130908e-14 2.480793e-02 
  6.134244e-14 2.483390e-02 
  6.137579e-14 2.485721e-02 
  6.140915e-14 2.487757e-02 
  6.144251e-14 2.489469e-02 
  6.147586e-14 2.490835e-02 
  6.150922e-14 2.491836e-02 
  6.154258e-14 2.492459e-02 
  6.157593e-14 2.492697e-02 
  6.160929e-14 2.492546e-02 
  6.164264e-14 2.492010e-02 
  6.167600e-14 2.491097e-02 
  6.170936e-14 2.489820e-02 
  6.174271e-14 2.488198e-02 
  6.177607e-14 2.486254e-02 
  6.180943e-14 2.484017e-02 
  6.184278e-14 2.481518e-02 
  6.187614e-14 2.478794e-02 
  6.190950e-14 2.475881e-02 
  6.194285e-14 2.472821e-02 
  6.197621e-14 2.469657e-02 
  6.200957e-14 2.466434e-02 
  6.204292e-14 2.463195e-02 
  6.207628e-14 2.459986e-02 
  6.210963e-14 2.456852e-02 
  6.214299e-14 2.453835e-02 
  6.217635e-14 2.450978e-02 
  6.220970e-14 2.448320e-02 
  6.224306e-14 2.445898e-02 
  6.227642e-14 2.443743e-02 
  6.230977e-14 2.441885e-02 
  6.234313e-14 2.440350e-02 
  6.237649e-14 2.439158e-02 
  6.240984e-14 2.438325e-02 
  6.244320e-14 2.437861e-02 
  6.247656e-14 2.437773e-02 
  6.250991e-14 2.438059e-02 
  6.254327e-14 2.438716e-02 
  6.257662e-14 2.439734e-02 
  6.260998e-14 2.441097e-02 
  6.264334e-14 2.442785e-02 
  6.267669e-14 2.444773e-02 
  6.271005e-14 2.447033e-02 
  6.274341e-14 2.449532e-02 
  6.277676e-14 2.452237e-02 
  6.281012e-14 2.455107e-02 
  6.284348e-14 2.458103e-02 
  6.287683e-14 2.461184e-02 
  6.291019e-14 2.464306e-02 
  6.294354e-14 2.467426e-02 
  6.297690e-14 2.470500e-02 
  6.301026e-14 2.473486e-02 
  6.304361e-14 2.476342e-02 
  6.307697e-14 2.479027e-02 
  6.311033e-14 2.481506e-02 
  6.314368e-14 2.483743e-02 
  6.317704e-14 2.485708e-02 
  6.321040e-14 2.487376e-02 
  6.324375e-14 2.488722e-02 
  6.327711e-14 2.489730e-02 
  6.331047e-14 2.490387e-02 
  6.334382e-14 2.490683e-02 
  6.337718e-14 2.490616e-02 
  6.341053e-14 2.490187e-02 
  6.344389e-14 2.489403e-02 
  6.347725e-14 2.488275e-02 
  6.351060e-14 2.486820e-02 
  6.354396e-14 2.485059e-02 
  6.357732e-14 2.483017e-02 
  6.361067e-14 2.480723e-02 
  6.364403e-14 2.478209e-02 
  6.367739e-14 2.475512e-02 
  6.371074e-14 2.472668e-02 
  6.374410e-14 2.469718e-02 
  6.377746e-14 2.466704e-02 
  6.381081e-14 2.463666e-02 
  6.384417e-14 2.460648e-02 
  6.387752e-14 2.457691e-02 
  6.391088e-14 2.454836e-02 
  6.394424e-14 2.452122e-02 
  6.397759e-14 2.449587e-02 
  6.401095e-14 2.447265e-02 
  6.404431e-14 2.445189e-02 
  6.407766e-14 2.443386e-02 
  6.411102e-14 2.441881e-02 
  6.414438e-14 2.440694e-02 
  6.417773e-14 2.439841e-02 
  6.421109e-14 2.439332e-02 
  6.424444e-14 2.439175e-02 
  6.427780e-14 2.439370e-02 
  6.431116e-14 2.439914e-02 
  6.434451e-14 2.440798e-02 
  6.437787e-14 2.442009e-02 
  6.441123e-14 2.443529e-02 
  6.444458e-14 2.445337e-02 
  6.447794e-14 2.447406e-02 
  6.451130e-14 2.449706e-02 
  6.454465e-14 2.452206e-02 
  6.457801e-14 2.454870e-02 
  6.461137e-14 2.457660e-02 
  6.464472e-14 2.460538e-02 
  6.467808e-14 2.463463e-02 
  6.471143e-14 2.466394e-02 
  6.474479e-14 2.469291e-02 
  6.477815e-14 2.472113e-02 
  6.481150e-14 2.474820e-02 
  6.484486e-14 2.477375e-02 
  6.487822e-14 2.479743e-02 
  6.491157e-14 2.481892e-02 
  6.494493e-14 2.483790e-02 
  6.497829e-14 2.485414e-02 
  6.501164e-14 2.486740e-02 
  6.504500e-14 2.487751e-02 
  6.507835e-14 2.488434e-02 
  6.511171e-14 2.488780e-02 
  6.514507e-14 2.488785e-02 
  6.517842e-14 2.488449e-02 
  6.521178e-14 2.487778e-02 
  6.524514e-14 2.486781e-02 
  6.527849e-14 2.485474e-02 
  6.531185e-14 2.483874e-02 
  6.534521e-14 2.482004e-02 
  6.537856e-14 2.479892e-02 
  6.541192e-14 2.477567e-02 
  6.544528e-14 2.475062e-02 
  6.547863e-14 2.472412e-02 
  6.551199e-14 2.469655e-02 
  6.554534e-14 2.466829e-02 
  6.557870e-14 2.463973e-02 
  6.561206e-14 2.461127e-02 
  6.564541e-14 2.458330e-02 
  6.567877e-14 2.455622e-02 
  6.571213e-14 2.453039e-02 
  6.574548e-14 2.450618e-02 
  6.577884e-14 2.448391e-02 
  6.581220e-14 2.446390e-02 
  6.584555e-14 2.444641e-02 
  6.587891e-14 2.443168e-02 
  6.591227e-14 2.441991e-02 
  6.594562e-14 2.441125e-02 
  6.597898e-14 2.440582e-02 
  6.601233e-14 2.440369e-02 
  6.604569e-14 2.440488e-02 
  6.607905e-14 2.440937e-02 
  6.611240e-14 2.441708e-02 
  6.614576e-14 2.442790e-02 
  6.617912e-14 2.444168e-02 
  6.621247e-14 2.445822e-02 
  6.624583e-14 2.447727e-02 
  6.627919e-14 2.449857e-02 
  6.631254e-14 2.452181e-02 
  6.634590e-14 2.454666e-02 
  6.637925e-14 2.457278e-02 
  6.641261e-14 2.459980e-02 
  6.644597e-14 2.462734e-02 
  6.647932e-14 2.465501e-02 
  6.651268e-14 2.468243e-02 
  6.654604e-14 2.470923e-02 
  6.657939e-14 2.473503e-02 
  6.661275e-14 2.475947e-02 
  6.664611e-14 2.478221e-02 
  6.667946e-14 2.480294e-02 
  6.671282e-14 2.482137e-02 
  6.674618e-14 2.483725e-02 
  6.677953e-14 2.485036e-02 
  6.681289e-14 2.486053e-02 
  6.684624e-14 2.486763e-02 
  6.687960e-14 2.487155e-02 
  6.691296e-14 2.487225e-02 
  6.694631e-14 2.486974e-02 
  6.697967e-14 2.486404e-02 
  6.701303e-14 2.485526e-02 
  6.704638e-14 2.484350e-02 
  6.707974e-14 2.482894e-02 
  6.711310e-14 2.481179e-02 
  6.714645e-14 2.479230e-02 
  6.717981e-14 2.477073e-02 
  6.721317e-14 2.474739e-02 
  6.724652e-14 2.472262e-02 
  6.727988e-14 2.469675e-02 
  6.731323e-14 2.467015e-02 
  6.734659e-14 2.464319e-02 
  6.737995e-14 2.461625e-02 
  6.741330e-14 2.458970e-02 
  6.744666e-14 2.456390e-02 
  6.748002e-14 2.453922e-02 
  6.751337e-14 2.451599e-02 
  6.754673e-14 2.449454e-02 
  6.758009e-14 2.447515e-02 
  6.761344e-14 2.445810e-02 
  6.764680e-14 2.444361e-02 
  6.768015e-14 2.443188e-02 
  6.771351e-14 2.442308e-02 
  6.774687e-14 2.441730e-02 
  6.778022e-14 2.441463e-02 
  6.781358e-14 2.441510e-02 
  6.784694e-14 2.441868e-02 
  6.788029e-14 2.442533e-02 
  6.791365e-14 2.443494e-02 
  6.794701e-14 2.444738e-02 
  6.798036e-14 2.446247e-02 
  6.801372e-14 2.447999e-02 
  6.804708e-14 2.449969e-02 
  6.808043e-14 2.452129e-02 
  6.811379e-14 2.454449e-02 
  6.814714e-14 2.456896e-02 
  6.818050e-14 2.459435e-02 
  6.821386e-14 2.462030e-02 
  6.824721e-14 2.464645e-02 
  6.828057e-14 2.467245e-02 
  6.831393e-14 2.469792e-02 
  6.834728e-14 2.472252e-02 
  6.838064e-14 2.474590e-02 
  6.841400e-14 2.476774e-02 
  6.844735e-14 2.478774e-02 
  6.848071e-14 2.480563e-02 
  6.851407e-14 2.482116e-02 
  6.854742e-14 2.483411e-02 
  6.858078e-14 2.484430e-02 
  6.861413e-14 2.485161e-02 
  6.864749e-14 2.485593e-02 
  6.868085e-14 2.485721e-02 
  6.871420e-14 2.485543e-02 
  6.874756e-14 2.485064e-02 
  6.878092e-14 2.484290e-02 
  6.881427e-14 2.483232e-02 
  6.884763e-14 2.481905e-02 
  6.888099e-14 2.480330e-02 
  6.891434e-14 2.478527e-02 
  6.894770e-14 2.476523e-02 
  6.898105e-14 2.474345e-02 
  6.901441e-14 2.472024e-02 
  6.904777e-14 2.469593e-02 
  6.908112e-14 2.467086e-02 
  6.911448e-14 2.464537e-02 
  6.914784e-14 2.461983e-02 
  6.918119e-14 2.459458e-02 
  6.921455e-14 2.456999e-02 
  6.924791e-14 2.454638e-02 
  6.928126e-14 2.452408e-02 
  6.931462e-14 2.450340e-02 
  6.934798e-14 2.448463e-02 
  6.938133e-14 2.446801e-02 
  6.941469e-14 2.445379e-02 
  6.944804e-14 2.444215e-02 
  6.948140e-14 2.443325e-02 
  6.951476e-14 2.442721e-02 
  6.954811e-14 2.442410e-02 
  6.958147e-14 2.442396e-02 
  6.961483e-14 2.442679e-02 
  6.964818e-14 2.443254e-02 
  6.968154e-14 2.444112e-02 
  6.971490e-14 2.445241e-02 
  6.974825e-14 2.446625e-02 
  6.978161e-14 2.448243e-02 
  6.981497e-14 2.450074e-02 
  6.984832e-14 2.452091e-02 
  6.988168e-14 2.454265e-02 
  6.991503e-14 2.456566e-02 
  6.994839e-14 2.458962e-02 
  6.998175e-14 2.461418e-02 
  7.001510e-14 2.463902e-02 
  7.004846e-14 2.466378e-02 
  7.008182e-14 2.468811e-02 
  7.011517e-14 2.471167e-02 
  7.014853e-14 2.473413e-02 
  7.018189e-14 2.475520e-02 
  7.021524e-14 2.477457e-02 
  7.024860e-14 2.479199e-02 
  7.028195e-14 2.480721e-02 
  7.031531e-14 2.482003e-02 
  7.034867e-14 2.483027e-02 
  7.038202e-14 2.483779e-02 
  7.041538e-14 2.484249e-02 
  7.044874e-14 2.484431e-02 
  7.048209e-14 2.484323e-02 
  7.051545e-14 2.483927e-02 
  7.054881e-14 2.483248e-02 
  7.058216e-14 2.482298e-02 
  7.061552e-14 2.481089e-02 
  7.064888e-14 2.479640e-02 
  7.068223e-14 2.477970e-02 
  7.071559e-14 2.476103e-02 
  7.074894e-14 2.474066e-02 
  7.078230e-14 2.471887e-02 
  7.081566e-14 2.469596e-02 
  7.084901e-14 2.467226e-02 
  7.088237e-14 2.464809e-02 
  7.091573e-14 2.462380e-02 
  7.094908e-14 2.459972e-02 
 