 0 0 
  3.335641e-17 0 
  6.671282e-17 0 
  1.000692e-16 0 
  1.334256e-16 0 
  1.667820e-16 0 
  2.001385e-16 0 
  2.334949e-16 0 
  2.668513e-16 0 
  3.002077e-16 0 
  3.335641e-16 0 
  3.669205e-16 0 
  4.002769e-16 0 
  4.336333e-16 0 
  4.669897e-16 0 
  5.003461e-16 0 
  5.337026e-16 0 
  5.670590e-16 0 
  6.004154e-16 0 
  6.337718e-16 0 
  6.671282e-16 0 
  7.004846e-16 0 
  7.338410e-16 0 
  7.671974e-16 0 
  8.005538e-16 0 
  8.339102e-16 0 
  8.672666e-16 0 
  9.006231e-16 0 
  9.339795e-16 0 
  9.673359e-16 0 
  1.000692e-15 0 
  1.034049e-15 0 
  1.067405e-15 0 
  1.100762e-15 0 
  1.134118e-15 0 
  1.167474e-15 0 
  1.200831e-15 0 
  1.234187e-15 0 
  1.267544e-15 0 
  1.300900e-15 0 
  1.334256e-15 0 
  1.367613e-15 0 
  1.400969e-15 0 
  1.434326e-15 0 
  1.467682e-15 0 
  1.501038e-15 0 
  1.534395e-15 0 
  1.567751e-15 0 
  1.601108e-15 0 
  1.634464e-15 0 
  1.667820e-15 0 
  1.701177e-15 0 
  1.734533e-15 0 
  1.767890e-15 0 
  1.801246e-15 0 
  1.834603e-15 0 
  1.867959e-15 0 
  1.901315e-15 0 
  1.934672e-15 0 
  1.968028e-15 0 
  2.001385e-15 0 
  2.034741e-15 0 
  2.068097e-15 0 
  2.101454e-15 0 
  2.134810e-15 0 
  2.168167e-15 0 
  2.201523e-15 0 
  2.234879e-15 0 
  2.268236e-15 0 
  2.301592e-15 0 
  2.334949e-15 0 
  2.368305e-15 0 
  2.401661e-15 0 
  2.435018e-15 0 
  2.468374e-15 0 
  2.501731e-15 0 
  2.535087e-15 0 
  2.568444e-15 0 
  2.601800e-15 0 
  2.635156e-15 0 
  2.668513e-15 0 
  2.701869e-15 0 
  2.735226e-15 0 
  2.768582e-15 0 
  2.801938e-15 0 
  2.835295e-15 0 
  2.868651e-15 0 
  2.902008e-15 0 
  2.935364e-15 0 
  2.968720e-15 0 
  3.002077e-15 0 
  3.035433e-15 0 
  3.068790e-15 0 
  3.102146e-15 0 
  3.135502e-15 0 
  3.168859e-15 0 
  3.202215e-15 0 
  3.235572e-15 0 
  3.268928e-15 0 
  3.302285e-15 0 
  3.335641e-15 0 
  3.368997e-15 0 
  3.402354e-15 0 
  3.435710e-15 0 
  3.469067e-15 0 
  3.502423e-15 0 
  3.535779e-15 0 
  3.569136e-15 0 
  3.602492e-15 0 
  3.635849e-15 0 
  3.669205e-15 0 
  3.702561e-15 0 
  3.735918e-15 0 
  3.769274e-15 0 
  3.802631e-15 0 
  3.835987e-15 0 
  3.869344e-15 0 
  3.902700e-15 0 
  3.936056e-15 0 
  3.969413e-15 0 
  4.002769e-15 0 
  4.036126e-15 0 
  4.069482e-15 0 
  4.102838e-15 0 
  4.136195e-15 0 
  4.169551e-15 0 
  4.202908e-15 0 
  4.236264e-15 0 
  4.269620e-15 0 
  4.302977e-15 0 
  4.336333e-15 0 
  4.369690e-15 0 
  4.403046e-15 0 
  4.436402e-15 0 
  4.469759e-15 0 
  4.503115e-15 0 
  4.536472e-15 0 
  4.569828e-15 0 
  4.603185e-15 0 
  4.636541e-15 0 
  4.669897e-15 0 
  4.703254e-15 0 
  4.736610e-15 0 
  4.769967e-15 0 
  4.803323e-15 0 
  4.836679e-15 0 
  4.870036e-15 0 
  4.903392e-15 0 
  4.936749e-15 0 
  4.970105e-15 0 
  5.003461e-15 0 
  5.036818e-15 0 
  5.070174e-15 0 
  5.103531e-15 0 
  5.136887e-15 0 
  5.170243e-15 0 
  5.203600e-15 0 
  5.236956e-15 0 
  5.270313e-15 0 
  5.303669e-15 0 
  5.337026e-15 0 
  5.370382e-15 0 
  5.403738e-15 0 
  5.437095e-15 0 
  5.470451e-15 0 
  5.503808e-15 0 
  5.537164e-15 0 
  5.570520e-15 0 
  5.603877e-15 0 
  5.637233e-15 0 
  5.670590e-15 0 
  5.703946e-15 0 
  5.737302e-15 0 
  5.770659e-15 0 
  5.804015e-15 0 
  5.837372e-15 0 
  5.870728e-15 0 
  5.904084e-15 0 
  5.937441e-15 0 
  5.970797e-15 0 
  6.004154e-15 0 
  6.037510e-15 0 
  6.070867e-15 0 
  6.104223e-15 0 
  6.137579e-15 0 
  6.170936e-15 0 
  6.204292e-15 0 
  6.237649e-15 0 
  6.271005e-15 0 
  6.304361e-15 0 
  6.337718e-15 0 
  6.371074e-15 0 
  6.404431e-15 0 
  6.437787e-15 0 
  6.471143e-15 0 
  6.504500e-15 0 
  6.537856e-15 0 
  6.571213e-15 0 
  6.604569e-15 0 
  6.637925e-15 0 
  6.671282e-15 0 
  6.704638e-15 0 
  6.737995e-15 0 
  6.771351e-15 0 
  6.804708e-15 0 
  6.838064e-15 0 
  6.871420e-15 0 
  6.904777e-15 0 
  6.938133e-15 0 
  6.971490e-15 0 
  7.004846e-15 0 
  7.038202e-15 0 
  7.071559e-15 0 
  7.104915e-15 0 
  7.138272e-15 0 
  7.171628e-15 0 
  7.204984e-15 0 
  7.238341e-15 0 
  7.271697e-15 0 
  7.305054e-15 0 
  7.338410e-15 0 
  7.371767e-15 0 
  7.405123e-15 0 
  7.438479e-15 0 
  7.471836e-15 0 
  7.505192e-15 0 
  7.538549e-15 0 
  7.571905e-15 0 
  7.605261e-15 0 
  7.638618e-15 0 
  7.671974e-15 0 
  7.705331e-15 0 
  7.738687e-15 0 
  7.772043e-15 0 
  7.805400e-15 0 
  7.838756e-15 0 
  7.872113e-15 0 
  7.905469e-15 0 
  7.938825e-15 0 
  7.972182e-15 0 
  8.005538e-15 0 
  8.038895e-15 0 
  8.072251e-15 0 
  8.105608e-15 0 
  8.138964e-15 0 
  8.172320e-15 0 
  8.205677e-15 0 
  8.239033e-15 0 
  8.272390e-15 0 
  8.305746e-15 0 
  8.339102e-15 0 
  8.372459e-15 0 
  8.405815e-15 0 
  8.439172e-15 0 
  8.472528e-15 0 
  8.505884e-15 0 
  8.539241e-15 0 
  8.572597e-15 0 
  8.605954e-15 0 
  8.639310e-15 0 
  8.672666e-15 0 
  8.706023e-15 0 
  8.739379e-15 0 
  8.772736e-15 0 
  8.806092e-15 0 
  8.839449e-15 0 
  8.872805e-15 0 
  8.906161e-15 0 
  8.939518e-15 0 
  8.972874e-15 0 
  9.006231e-15 0 
  9.039587e-15 0 
  9.072943e-15 0 
  9.106300e-15 0 
  9.139656e-15 0 
  9.173013e-15 0 
  9.206369e-15 0 
  9.239725e-15 0 
  9.273082e-15 0 
  9.306438e-15 0 
  9.339795e-15 0 
  9.373151e-15 0 
  9.406507e-15 0 
  9.439864e-15 0 
  9.473220e-15 0 
  9.506577e-15 0 
  9.539933e-15 0 
  9.573290e-15 0 
  9.606646e-15 0 
  9.640002e-15 0 
  9.673359e-15 0 
  9.706715e-15 0 
  9.740072e-15 0 
  9.773428e-15 0 
  9.806784e-15 0 
  9.840141e-15 0 
  9.873497e-15 0 
  9.906854e-15 0 
  9.940210e-15 0 
  9.973566e-15 0 
  1.000692e-14 0 
  1.004028e-14 0 
  1.007364e-14 0 
  1.010699e-14 0 
  1.014035e-14 0 
  1.017370e-14 0 
  1.020706e-14 0 
  1.024042e-14 0 
  1.027377e-14 0 
  1.030713e-14 0 
  1.034049e-14 0 
  1.037384e-14 0 
  1.040720e-14 0 
  1.044056e-14 0 
  1.047391e-14 0 
  1.050727e-14 0 
  1.054063e-14 0 
  1.057398e-14 0 
  1.060734e-14 0 
  1.064069e-14 0 
  1.067405e-14 0 
  1.070741e-14 0 
  1.074076e-14 0 
  1.077412e-14 0 
  1.080748e-14 0 
  1.084083e-14 0 
  1.087419e-14 0 
  1.090755e-14 0 
  1.094090e-14 0 
  1.097426e-14 0 
  1.100762e-14 0 
  1.104097e-14 0 
  1.107433e-14 0 
  1.110768e-14 0 
  1.114104e-14 0 
  1.117440e-14 0 
  1.120775e-14 0 
  1.124111e-14 0 
  1.127447e-14 0 
  1.130782e-14 0 
  1.134118e-14 0 
  1.137454e-14 0 
  1.140789e-14 0 
  1.144125e-14 0 
  1.147460e-14 0 
  1.150796e-14 0 
  1.154132e-14 0 
  1.157467e-14 0 
  1.160803e-14 0 
  1.164139e-14 0 
  1.167474e-14 0 
  1.170810e-14 0 
  1.174146e-14 0 
  1.177481e-14 0 
  1.180817e-14 0 
  1.184153e-14 0 
  1.187488e-14 0 
  1.190824e-14 0 
  1.194159e-14 0 
  1.197495e-14 0 
  1.200831e-14 0 
  1.204166e-14 0 
  1.207502e-14 0 
  1.210838e-14 0 
  1.214173e-14 0 
  1.217509e-14 0 
  1.220845e-14 0 
  1.224180e-14 0 
  1.227516e-14 0 
  1.230852e-14 0 
  1.234187e-14 0 
  1.237523e-14 0 
  1.240858e-14 0 
  1.244194e-14 0 
  1.247530e-14 0 
  1.250865e-14 0 
  1.254201e-14 0 
  1.257537e-14 0 
  1.260872e-14 0 
  1.264208e-14 0 
  1.267544e-14 0 
  1.270879e-14 0 
  1.274215e-14 0 
  1.277550e-14 0 
  1.280886e-14 0 
  1.284222e-14 0 
  1.287557e-14 0 
  1.290893e-14 0 
  1.294229e-14 0 
  1.297564e-14 0 
  1.300900e-14 0 
  1.304236e-14 0 
  1.307571e-14 0 
  1.310907e-14 0 
  1.314243e-14 0 
  1.317578e-14 0 
  1.320914e-14 0 
  1.324249e-14 0 
  1.327585e-14 0 
  1.330921e-14 0 
  1.334256e-14 0 
  1.337592e-14 0 
  1.340928e-14 0 
  1.344263e-14 0 
  1.347599e-14 0 
  1.350935e-14 0 
  1.354270e-14 0 
  1.357606e-14 0 
  1.360942e-14 0 
  1.364277e-14 0 
  1.367613e-14 0 
  1.370948e-14 0 
  1.374284e-14 0 
  1.377620e-14 0 
  1.380955e-14 0 
  1.384291e-14 0 
  1.387627e-14 0 
  1.390962e-14 0 
  1.394298e-14 0 
  1.397634e-14 0 
  1.400969e-14 0 
  1.404305e-14 0 
  1.407640e-14 0 
  1.410976e-14 0 
  1.414312e-14 0 
  1.417647e-14 0 
  1.420983e-14 0 
  1.424319e-14 0 
  1.427654e-14 0 
  1.430990e-14 0 
  1.434326e-14 0 
  1.437661e-14 0 
  1.440997e-14 0 
  1.444333e-14 0 
  1.447668e-14 0 
  1.451004e-14 0 
  1.454339e-14 0 
  1.457675e-14 0 
  1.461011e-14 0 
  1.464346e-14 0 
  1.467682e-14 0 
  1.471018e-14 0 
  1.474353e-14 0 
  1.477689e-14 0 
  1.481025e-14 0 
  1.484360e-14 0 
  1.487696e-14 0 
  1.491032e-14 0 
  1.494367e-14 0 
  1.497703e-14 0 
  1.501038e-14 0 
  1.504374e-14 0 
  1.507710e-14 0 
  1.511045e-14 0 
  1.514381e-14 0 
  1.517717e-14 0 
  1.521052e-14 0 
  1.524388e-14 0 
  1.527724e-14 0 
  1.531059e-14 0 
  1.534395e-14 0 
  1.537730e-14 0 
  1.541066e-14 0 
  1.544402e-14 0 
  1.547737e-14 0 
  1.551073e-14 0 
  1.554409e-14 0 
  1.557744e-14 0 
  1.561080e-14 0 
  1.564416e-14 0 
  1.567751e-14 0 
  1.571087e-14 0 
  1.574423e-14 0 
  1.577758e-14 0 
  1.581094e-14 0 
  1.584429e-14 0 
  1.587765e-14 0 
  1.591101e-14 0 
  1.594436e-14 0 
  1.597772e-14 0 
  1.601108e-14 0 
  1.604443e-14 0 
  1.607779e-14 0 
  1.611115e-14 0 
  1.614450e-14 0 
  1.617786e-14 0 
  1.621122e-14 0 
  1.624457e-14 0 
  1.627793e-14 0 
  1.631128e-14 0 
  1.634464e-14 0 
  1.637800e-14 0 
  1.641135e-14 0 
  1.644471e-14 0 
  1.647807e-14 0 
  1.651142e-14 0 
  1.654478e-14 0 
  1.657814e-14 0 
  1.661149e-14 0 
  1.664485e-14 0 
  1.667820e-14 0 
  1.671156e-14 0 
  1.674492e-14 0 
  1.677827e-14 0 
  1.681163e-14 0 
  1.684499e-14 0 
  1.687834e-14 0 
  1.691170e-14 0 
  1.694506e-14 0 
  1.697841e-14 0 
  1.701177e-14 0 
  1.704513e-14 0 
  1.707848e-14 0 
  1.711184e-14 0 
  1.714519e-14 0 
  1.717855e-14 0 
  1.721191e-14 0 
  1.724526e-14 0 
  1.727862e-14 0 
  1.731198e-14 0 
  1.734533e-14 0 
  1.737869e-14 0 
  1.741205e-14 0 
  1.744540e-14 0 
  1.747876e-14 0 
  1.751211e-14 0 
  1.754547e-14 0 
  1.757883e-14 0 
  1.761218e-14 0 
  1.764554e-14 0 
  1.767890e-14 0 
  1.771225e-14 0 
  1.774561e-14 0 
  1.777897e-14 0 
  1.781232e-14 0 
  1.784568e-14 0 
  1.787904e-14 0 
  1.791239e-14 0 
  1.794575e-14 0 
  1.797910e-14 0 
  1.801246e-14 0 
  1.804582e-14 0 
  1.807917e-14 0 
  1.811253e-14 0 
  1.814589e-14 0 
  1.817924e-14 0 
  1.821260e-14 0 
  1.824596e-14 0 
  1.827931e-14 0 
  1.831267e-14 0 
  1.834603e-14 0 
  1.837938e-14 0 
  1.841274e-14 0 
  1.844609e-14 0 
  1.847945e-14 0 
  1.851281e-14 0 
  1.854616e-14 0 
  1.857952e-14 0 
  1.861288e-14 0 
  1.864623e-14 0 
  1.867959e-14 0 
  1.871295e-14 0 
  1.874630e-14 0 
  1.877966e-14 0 
  1.881301e-14 0 
  1.884637e-14 0 
  1.887973e-14 0 
  1.891308e-14 0 
  1.894644e-14 0 
  1.897980e-14 0 
  1.901315e-14 0 
  1.904651e-14 0 
  1.907987e-14 0 
  1.911322e-14 0 
  1.914658e-14 0 
  1.917994e-14 0 
  1.921329e-14 0 
  1.924665e-14 0 
  1.928000e-14 0 
  1.931336e-14 0 
  1.934672e-14 0 
  1.938007e-14 0 
  1.941343e-14 0 
  1.944679e-14 0 
  1.948014e-14 0 
  1.951350e-14 0 
  1.954686e-14 0 
  1.958021e-14 0 
  1.961357e-14 0 
  1.964693e-14 0 
  1.968028e-14 0 
  1.971364e-14 0 
  1.974699e-14 0 
  1.978035e-14 0 
  1.981371e-14 0 
  1.984706e-14 0 
  1.988042e-14 0 
  1.991378e-14 0 
  1.994713e-14 0 
  1.998049e-14 0 
  2.001385e-14 0 
  2.004720e-14 0 
  2.008056e-14 0 
  2.011391e-14 0 
  2.014727e-14 0 
  2.018063e-14 0 
  2.021398e-14 0 
  2.024734e-14 0 
  2.028070e-14 0 
  2.031405e-14 0 
  2.034741e-14 0 
  2.038077e-14 0 
  2.041412e-14 0 
  2.044748e-14 0 
  2.048084e-14 0 
  2.051419e-14 0 
  2.054755e-14 0 
  2.058090e-14 0 
  2.061426e-14 0 
  2.064762e-14 0 
  2.068097e-14 0 
  2.071433e-14 0 
  2.074769e-14 0 
  2.078104e-14 0 
  2.081440e-14 0 
  2.084776e-14 0 
  2.088111e-14 0 
  2.091447e-14 0 
  2.094783e-14 0 
  2.098118e-14 0 
  2.101454e-14 0 
  2.104789e-14 0 
  2.108125e-14 0 
  2.111461e-14 0 
  2.114796e-14 0 
  2.118132e-14 0 
  2.121468e-14 0 
  2.124803e-14 0 
  2.128139e-14 0 
  2.131475e-14 0 
  2.134810e-14 0 
  2.138146e-14 0 
  2.141481e-14 0 
  2.144817e-14 0 
  2.148153e-14 0 
  2.151488e-14 0 
  2.154824e-14 0 
  2.158160e-14 0 
  2.161495e-14 0 
  2.164831e-14 0 
  2.168167e-14 0 
  2.171502e-14 0 
  2.174838e-14 0 
  2.178174e-14 0 
  2.181509e-14 0 
  2.184845e-14 0 
  2.188180e-14 0 
  2.191516e-14 0 
  2.194852e-14 0 
  2.198187e-14 0 
  2.201523e-14 0 
  2.204859e-14 0 
  2.208194e-14 0 
  2.211530e-14 0 
  2.214866e-14 0 
  2.218201e-14 0 
  2.221537e-14 0 
  2.224873e-14 0 
  2.228208e-14 0 
  2.231544e-14 0 
  2.234879e-14 0 
  2.238215e-14 0 
  2.241551e-14 0 
  2.244886e-14 0 
  2.248222e-14 0 
  2.251558e-14 0 
  2.254893e-14 0 
  2.258229e-14 0 
  2.261565e-14 0 
  2.264900e-14 0 
  2.268236e-14 0 
  2.271571e-14 0 
  2.274907e-14 0 
  2.278243e-14 0 
  2.281578e-14 0 
  2.284914e-14 0 
  2.288250e-14 0 
  2.291585e-14 0 
  2.294921e-14 0 
  2.298257e-14 0 
  2.301592e-14 0 
  2.304928e-14 0 
  2.308264e-14 0 
  2.311599e-14 0 
  2.314935e-14 0 
  2.318270e-14 0 
  2.321606e-14 0 
  2.324942e-14 0 
  2.328277e-14 0 
  2.331613e-14 0 
  2.334949e-14 0 
  2.338284e-14 0 
  2.341620e-14 0 
  2.344956e-14 0 
  2.348291e-14 0 
  2.351627e-14 0 
  2.354963e-14 0 
  2.358298e-14 0 
  2.361634e-14 0 
  2.364969e-14 0 
  2.368305e-14 0 
  2.371641e-14 0 
  2.374976e-14 0 
  2.378312e-14 0 
  2.381648e-14 0 
  2.384983e-14 0 
  2.388319e-14 0 
  2.391655e-14 0 
  2.394990e-14 0 
  2.398326e-14 0 
  2.401661e-14 0 
  2.404997e-14 0 
  2.408333e-14 0 
  2.411668e-14 0 
  2.415004e-14 0 
  2.418340e-14 0 
  2.421675e-14 0 
  2.425011e-14 0 
  2.428347e-14 0 
  2.431682e-14 0 
  2.435018e-14 0 
  2.438354e-14 0 
  2.441689e-14 0 
  2.445025e-14 0 
  2.448360e-14 0 
  2.451696e-14 0 
  2.455032e-14 0 
  2.458367e-14 0 
  2.461703e-14 0 
  2.465039e-14 0 
  2.468374e-14 0 
  2.471710e-14 0 
  2.475046e-14 0 
  2.478381e-14 0 
  2.481717e-14 0 
  2.485053e-14 0 
  2.488388e-14 0 
  2.491724e-14 0 
  2.495059e-14 0 
  2.498395e-14 0 
  2.501731e-14 0 
  2.505066e-14 0 
  2.508402e-14 0 
  2.511738e-14 0 
  2.515073e-14 0 
  2.518409e-14 0 
  2.521745e-14 0 
  2.525080e-14 0 
  2.528416e-14 0 
  2.531751e-14 0 
  2.535087e-14 0 
  2.538423e-14 0 
  2.541758e-14 0 
  2.545094e-14 0 
  2.548430e-14 0 
  2.551765e-14 0 
  2.555101e-14 0 
  2.558437e-14 0 
  2.561772e-14 0 
  2.565108e-14 0 
  2.568444e-14 0 
  2.571779e-14 0 
  2.575115e-14 0 
  2.578450e-14 0 
  2.581786e-14 0 
  2.585122e-14 0 
  2.588457e-14 0 
  2.591793e-14 0 
  2.595129e-14 0 
  2.598464e-14 0 
  2.601800e-14 0 
  2.605136e-14 0 
  2.608471e-14 0 
  2.611807e-14 0 
  2.615143e-14 0 
  2.618478e-14 0 
  2.621814e-14 0 
  2.625149e-14 0 
  2.628485e-14 0 
  2.631821e-14 0 
  2.635156e-14 0 
  2.638492e-14 0 
  2.641828e-14 0 
  2.645163e-14 0 
  2.648499e-14 0 
  2.651835e-14 0 
  2.655170e-14 0 
  2.658506e-14 0 
  2.661841e-14 0 
  2.665177e-14 0 
  2.668513e-14 0 
  2.671848e-14 0 
  2.675184e-14 0 
  2.678520e-14 0 
  2.681855e-14 0 
  2.685191e-14 0 
  2.688527e-14 0 
  2.691862e-14 0 
  2.695198e-14 0 
  2.698534e-14 0 
  2.701869e-14 0 
  2.705205e-14 0 
  2.708540e-14 0 
  2.711876e-14 0 
  2.715212e-14 0 
  2.718547e-14 0 
  2.721883e-14 0 
  2.725219e-14 0 
  2.728554e-14 0 
  2.731890e-14 0 
  2.735226e-14 0 
  2.738561e-14 0 
  2.741897e-14 0 
  2.745233e-14 0 
  2.748568e-14 0 
  2.751904e-14 0 
  2.755239e-14 0 
  2.758575e-14 0 
  2.761911e-14 0 
  2.765246e-14 0 
  2.768582e-14 0 
  2.771918e-14 0 
  2.775253e-14 0 
  2.778589e-14 0 
  2.781925e-14 0 
  2.785260e-14 0 
  2.788596e-14 0 
  2.791931e-14 0 
  2.795267e-14 0 
  2.798603e-14 0 
  2.801938e-14 0 
  2.805274e-14 0 
  2.808610e-14 0 
  2.811945e-14 0 
  2.815281e-14 0 
  2.818617e-14 0 
  2.821952e-14 0 
  2.825288e-14 0 
  2.828624e-14 0 
  2.831959e-14 0 
  2.835295e-14 0 
  2.838630e-14 0 
  2.841966e-14 0 
  2.845302e-14 0 
  2.848637e-14 0 
  2.851973e-14 0 
  2.855309e-14 0 
  2.858644e-14 0 
  2.861980e-14 0 
  2.865316e-14 0 
  2.868651e-14 0 
  2.871987e-14 0 
  2.875323e-14 0 
  2.878658e-14 0 
  2.881994e-14 0 
  2.885329e-14 0 
  2.888665e-14 0 
  2.892001e-14 0 
  2.895336e-14 0 
  2.898672e-14 0 
  2.902008e-14 0 
  2.905343e-14 0 
  2.908679e-14 0 
  2.912015e-14 0 
  2.915350e-14 0 
  2.918686e-14 0 
  2.922021e-14 0 
  2.925357e-14 0 
  2.928693e-14 0 
  2.932028e-14 0 
  2.935364e-14 0 
  2.938700e-14 0 
  2.942035e-14 0 
  2.945371e-14 0 
  2.948707e-14 0 
  2.952042e-14 0 
  2.955378e-14 0 
  2.958714e-14 0 
  2.962049e-14 0 
  2.965385e-14 0 
  2.968720e-14 0 
  2.972056e-14 0 
  2.975392e-14 0 
  2.978727e-14 0 
  2.982063e-14 0 
  2.985399e-14 0 
  2.988734e-14 0 
  2.992070e-14 0 
  2.995406e-14 0 
  2.998741e-14 0 
  3.002077e-14 0 
  3.005412e-14 0 
  3.008748e-14 0 
  3.012084e-14 0 
  3.015419e-14 0 
  3.018755e-14 0 
  3.022091e-14 0 
  3.025426e-14 0 
  3.028762e-14 0 
  3.032098e-14 0 
  3.035433e-14 0 
  3.038769e-14 0 
  3.042105e-14 0 
  3.045440e-14 0 
  3.048776e-14 0 
  3.052111e-14 0 
  3.055447e-14 0 
  3.058783e-14 0 
  3.062118e-14 0 
  3.065454e-14 0 
  3.068790e-14 0 
  3.072125e-14 0 
  3.075461e-14 0 
  3.078797e-14 0 
  3.082132e-14 0 
  3.085468e-14 0 
  3.088804e-14 0 
  3.092139e-14 0 
  3.095475e-14 0 
  3.098810e-14 0 
  3.102146e-14 0 
  3.105482e-14 0 
  3.108817e-14 0 
  3.112153e-14 0 
  3.115489e-14 0 
  3.118824e-14 0 
  3.122160e-14 0 
  3.125496e-14 0 
  3.128831e-14 0 
  3.132167e-14 0 
  3.135502e-14 0 
  3.138838e-14 0 
  3.142174e-14 0 
  3.145509e-14 0 
  3.148845e-14 0 
  3.152181e-14 0 
  3.155516e-14 0 
  3.158852e-14 0 
  3.162188e-14 0 
  3.165523e-14 0 
  3.168859e-14 0 
  3.172195e-14 0 
  3.175530e-14 0 
  3.178866e-14 0 
  3.182201e-14 0 
  3.185537e-14 0 
  3.188873e-14 0 
  3.192208e-14 0 
  3.195544e-14 0 
  3.198880e-14 0 
  3.202215e-14 0 
  3.205551e-14 0 
  3.208887e-14 0 
  3.212222e-14 0 
  3.215558e-14 0 
  3.218894e-14 0 
  3.222229e-14 0 
  3.225565e-14 0 
  3.228900e-14 0 
  3.232236e-14 0 
  3.235572e-14 0 
  3.238907e-14 0 
  3.242243e-14 0 
  3.245579e-14 0 
  3.248914e-14 0 
  3.252250e-14 0 
  3.255586e-14 0 
  3.258921e-14 0 
  3.262257e-14 0 
  3.265592e-14 0 
  3.268928e-14 0 
  3.272264e-14 0 
  3.275599e-14 0 
  3.278935e-14 0 
  3.282271e-14 0 
  3.285606e-14 0 
  3.288942e-14 0 
  3.292278e-14 0 
  3.295613e-14 0 
  3.298949e-14 0 
  3.302285e-14 0 
  3.305620e-14 0 
  3.308956e-14 0 
  3.312291e-14 0 
  3.315627e-14 0 
  3.318963e-14 0 
  3.322298e-14 0 
  3.325634e-14 0 
  3.328970e-14 0 
  3.332305e-14 0 
  3.335641e-14 0 
  3.338977e-14 0 
  3.342312e-14 0 
  3.345648e-14 0 
  3.348984e-14 0 
  3.352319e-14 0 
  3.355655e-14 0 
  3.358990e-14 0 
  3.362326e-14 0 
  3.365662e-14 0 
  3.368997e-14 0 
  3.372333e-14 0 
  3.375669e-14 0 
  3.379004e-14 0 
  3.382340e-14 0 
  3.385676e-14 0 
  3.389011e-14 0 
  3.392347e-14 0 
  3.395682e-14 0 
  3.399018e-14 0 
  3.402354e-14 0 
  3.405689e-14 0 
  3.409025e-14 0 
  3.412361e-14 0 
  3.415696e-14 0 
  3.419032e-14 0 
  3.422368e-14 0 
  3.425703e-14 0 
  3.429039e-14 0 
  3.432375e-14 0 
  3.435710e-14 0 
  3.439046e-14 0 
  3.442381e-14 0 
  3.445717e-14 0 
  3.449053e-14 0 
  3.452388e-14 0 
  3.455724e-14 0 
  3.459060e-14 0 
  3.462395e-14 0 
  3.465731e-14 0 
  3.469067e-14 0 
  3.472402e-14 0 
  3.475738e-14 0 
  3.479074e-14 0 
  3.482409e-14 0 
  3.485745e-14 0 
  3.489080e-14 0 
  3.492416e-14 0 
  3.495752e-14 0 
  3.499087e-14 0 
  3.502423e-14 0 
  3.505759e-14 0 
  3.509094e-14 0 
  3.512430e-14 0 
  3.515766e-14 0 
  3.519101e-14 0 
  3.522437e-14 0 
  3.525772e-14 0 
  3.529108e-14 0 
  3.532444e-14 0 
  3.535779e-14 0 
  3.539115e-14 0 
  3.542451e-14 0 
  3.545786e-14 0 
  3.549122e-14 -1.894287e-06 
  3.552458e-14 -1.876248e-06 
  3.555793e-14 -1.849652e-06 
  3.559129e-14 -1.814499e-06 
  3.562465e-14 -1.770857e-06 
  3.565800e-14 -1.718868e-06 
  3.569136e-14 -1.658753e-06 
  3.572471e-14 -1.590821e-06 
  3.575807e-14 -1.515454e-06 
  3.579143e-14 -1.433104e-06 
  3.582478e-14 -1.344281e-06 
  3.585814e-14 -1.249548e-06 
  3.589150e-14 -1.149520e-06 
  3.592485e-14 -1.044856e-06 
  3.595821e-14 -9.362582e-07 
  3.599157e-14 -8.244572e-07 
  3.602492e-14 -7.102071e-07 
  3.605828e-14 -5.942791e-07 
  3.609164e-14 -4.774585e-07 
  3.612499e-14 -3.605407e-07 
  3.615835e-14 -2.443241e-07 
  3.619170e-14 -1.296002e-07 
  3.622506e-14 -1.714263e-08 
  3.625842e-14 9.230087e-08 
  3.629177e-14 1.980149e-07 
  3.632513e-14 2.993222e-07 
  3.635849e-14 3.955902e-07 
  3.639184e-14 4.862389e-07 
  3.642520e-14 5.707467e-07 
  3.645856e-14 6.486536e-07 
  3.649191e-14 7.195625e-07 
  3.652527e-14 7.831381e-07 
  3.655862e-14 8.391082e-07 
  3.659198e-14 8.872661e-07 
  3.662534e-14 9.274726e-07 
  3.665869e-14 9.596573e-07 
  3.669205e-14 9.838182e-07 
  3.672541e-14 1.000021e-06 
  3.675876e-14 1.008399e-06 
  3.679212e-14 1.009150e-06 
  3.682548e-14 1.002539e-06 
  3.685883e-14 9.888874e-07 
  3.689219e-14 9.685724e-07 
  3.692555e-14 9.420162e-07 
  3.695890e-14 9.096804e-07 
  3.699226e-14 8.720611e-07 
  3.702561e-14 8.296838e-07 
  3.705897e-14 7.830975e-07 
  3.709233e-14 7.328696e-07 
  3.712568e-14 6.795793e-07 
  3.715904e-14 6.238129e-07 
  3.719240e-14 5.661587e-07 
  3.722575e-14 5.072016e-07 
  3.725911e-14 4.475169e-07 
  3.729247e-14 3.876634e-07 
  3.732582e-14 3.281767e-07 
  3.735918e-14 2.695635e-07 
  3.739254e-14 2.122978e-07 
  3.742589e-14 1.568172e-07 
  3.745925e-14 1.035193e-07 
  3.749260e-14 5.275862e-08 
  3.752596e-14 4.844200e-09 
  3.755932e-14 -3.996185e-08 
  3.759267e-14 -8.144489e-08 
  3.762603e-14 -1.194379e-07 
  3.765939e-14 -1.538218e-07 
  3.769274e-14 -1.845252e-07 
  3.772610e-14 -2.115240e-07 
  3.775946e-14 -2.348398e-07 
  3.779281e-14 -2.545379e-07 
  3.782617e-14 -2.707247e-07 
  3.785952e-14 -2.835454e-07 
  3.789288e-14 -2.931810e-07 
  3.792624e-14 -2.998453e-07 
  3.795959e-14 -3.037802e-07 
  3.799295e-14 -3.052515e-07 
  3.802631e-14 -3.045432e-07 
  3.805966e-14 -3.019532e-07 
  3.809302e-14 -2.977887e-07 
  3.812638e-14 -2.923617e-07 
  3.815973e-14 -2.859854e-07 
  3.819309e-14 -2.789691e-07 
  3.822645e-14 -2.716148e-07 
  3.825980e-14 -2.642134e-07 
  3.829316e-14 -2.570411e-07 
  3.832651e-14 -2.503561e-07 
  3.835987e-14 -2.443947e-07 
  3.839323e-14 -2.393686e-07 
  3.842658e-14 -2.354613e-07 
  3.845994e-14 -2.328264e-07 
  3.849330e-14 -2.315869e-07 
  3.852665e-14 -2.318342e-07 
  3.856001e-14 -2.336281e-07 
  3.859337e-14 -2.369967e-07 
  3.862672e-14 -2.419367e-07 
  3.866008e-14 -2.484140e-07 
  3.869344e-14 -2.563651e-07 
  3.872679e-14 -2.656980e-07 
  3.876015e-14 -2.762948e-07 
  3.879350e-14 -2.880128e-07 
  3.882686e-14 -3.006874e-07 
  3.886022e-14 -3.141340e-07 
  3.889357e-14 -3.281517e-07 
  3.892693e-14 -3.425268e-07 
  3.896029e-14 -3.570361e-07 
  3.899364e-14 -3.714507e-07 
  3.902700e-14 -3.855392e-07 
  3.906036e-14 -3.990713e-07 
  3.909371e-14 -4.118214e-07 
  3.912707e-14 -4.235722e-07 
  3.916042e-14 -4.341178e-07 
  3.919378e-14 -4.432662e-07 
  3.922714e-14 -4.508415e-07 
  3.926049e-14 -4.566854e-07 
  3.929385e-14 -4.606594e-07 
  3.932721e-14 -4.626474e-07 
  3.936056e-14 -4.625576e-07 
  3.939392e-14 -4.603245e-07 
  3.942728e-14 -4.559093e-07 
  3.946063e-14 -4.493010e-07 
  3.949399e-14 -4.405169e-07 
  3.952735e-14 -4.296023e-07 
  3.956070e-14 -4.166297e-07 
  3.959406e-14 -4.016977e-07 
  3.962741e-14 -3.849286e-07 
  3.966077e-14 -3.664664e-07 
  3.969413e-14 -3.464748e-07 
  3.972748e-14 -3.251358e-07 
  3.976084e-14 -3.026480e-07 
  3.979420e-14 -2.792243e-07 
  3.982755e-14 -2.550888e-07 
  3.986091e-14 -2.304742e-07 
  3.989427e-14 -2.056190e-07 
  3.992762e-14 -1.807646e-07 
  3.996098e-14 -1.561529e-07 
  3.999434e-14 -1.320230e-07 
  4.002769e-14 -1.086076e-07 
  4.006105e-14 -8.613010e-08 
  4.009440e-14 -6.480171e-08 
  4.012776e-14 -4.481948e-08 
  4.016112e-14 -2.636414e-08 
  4.019447e-14 -9.597975e-09 
  4.022783e-14 5.337194e-09 
  4.026119e-14 1.832156e-08 
  4.029454e-14 2.925821e-08 
  4.032790e-14 3.807351e-08 
  4.036126e-14 4.471738e-08 
  4.039461e-14 4.916369e-08 
  4.042797e-14 5.141072e-08 
  4.046132e-14 5.148120e-08 
  4.049468e-14 4.942168e-08 
  4.052804e-14 4.530142e-08 
  4.056139e-14 3.921100e-08 
  4.059475e-14 3.126095e-08 
  4.062811e-14 2.158013e-08 
  4.066146e-14 1.031393e-08 
  4.069482e-14 -2.378078e-09 
  4.072818e-14 -1.632466e-08 
  4.076153e-14 -3.134530e-08 
  4.079489e-14 -4.725247e-08 
  4.082825e-14 -6.385368e-08 
  4.086160e-14 -8.095384e-08 
  4.089496e-14 -9.835782e-08 
  4.092831e-14 -1.158731e-07 
  4.096167e-14 -1.333124e-07 
  4.099503e-14 -1.504955e-07 
  4.102838e-14 -1.672517e-07 
  4.106174e-14 -1.834213e-07 
  4.109510e-14 -1.988578e-07 
  4.112845e-14 -2.134295e-07 
  4.116181e-14 -2.270212e-07 
  4.119517e-14 -2.395350e-07 
  4.122852e-14 -2.508910e-07 
  4.126188e-14 -2.610281e-07 
  4.129523e-14 -2.699041e-07 
  4.132859e-14 -2.774959e-07 
  4.136195e-14 -2.837992e-07 
  4.139530e-14 -2.888280e-07 
  4.142866e-14 -2.926137e-07 
  4.146202e-14 -2.952046e-07 
  4.149537e-14 -2.966644e-07 
  4.152873e-14 -2.970717e-07 
  4.156209e-14 -2.965183e-07 
  4.159544e-14 -2.951076e-07 
  4.162880e-14 -2.929524e-07 
  4.166216e-14 -2.901728e-07 
  4.169551e-14 -2.868942e-07 
  4.172887e-14 -2.832455e-07 
  4.176222e-14 -2.793568e-07 
  4.179558e-14 -2.753572e-07 
  4.182894e-14 -2.713734e-07 
  4.186229e-14 -2.675275e-07 
  4.189565e-14 -2.639357e-07 
  4.192901e-14 -2.607068e-07 
  4.196236e-14 -2.579401e-07 
  4.199572e-14 -2.557246e-07 
  4.202908e-14 -2.541368e-07 
  4.206243e-14 -2.532399e-07 
  4.209579e-14 -2.530829e-07 
  4.212915e-14 -2.536998e-07 
  4.216250e-14 -2.551091e-07 
  4.219586e-14 -2.573140e-07 
  4.222921e-14 -2.603024e-07 
  4.226257e-14 -2.640468e-07 
  4.229593e-14 -2.685050e-07 
  4.232928e-14 -2.736214e-07 
  4.236264e-14 -2.793273e-07 
  4.239600e-14 -2.855426e-07 
  4.242935e-14 -2.921767e-07 
  4.246271e-14 -2.991300e-07 
  4.249607e-14 -3.062948e-07 
  4.252942e-14 -3.135577e-07 
  4.256278e-14 -3.208007e-07 
  4.259613e-14 -3.279030e-07 
  4.262949e-14 -3.347427e-07 
  4.266285e-14 -3.411987e-07 
  4.269620e-14 -3.471521e-07 
  4.272956e-14 -3.524885e-07 
  4.276292e-14 -3.570998e-07 
  4.279627e-14 -3.608860e-07 
  4.282963e-14 -3.637565e-07 
  4.286299e-14 -3.656311e-07 
  4.289634e-14 -3.664412e-07 
  4.292970e-14 -3.661312e-07 
  4.296306e-14 -3.646588e-07 
  4.299641e-14 -3.619964e-07 
  4.302977e-14 -3.581309e-07 
  4.306312e-14 -3.530644e-07 
  4.309648e-14 -3.468137e-07 
  4.312984e-14 -3.394107e-07 
  4.316319e-14 -3.309024e-07 
  4.319655e-14 -3.213498e-07 
  4.322991e-14 -3.108276e-07 
  4.326326e-14 -2.994228e-07 
  4.329662e-14 -2.872334e-07 
  4.332998e-14 -2.743678e-07 
  4.336333e-14 -2.609433e-07 
  4.339669e-14 -2.470850e-07 
  4.343005e-14 -2.329237e-07 
  4.346340e-14 -2.185944e-07 
  4.349676e-14 -2.042345e-07 
  4.353011e-14 -1.899818e-07 
  4.356347e-14 -1.759737e-07 
  4.359683e-14 -1.623451e-07 
  4.363018e-14 -1.492268e-07 
  4.366354e-14 -1.367434e-07 
  4.369690e-14 -1.250123e-07 
  4.373025e-14 -1.141418e-07 
  4.376361e-14 -1.042307e-07 
  4.379697e-14 -9.536648e-08 
  4.383032e-14 -8.762472e-08 
  4.386368e-14 -8.106779e-08 
  4.389703e-14 -7.574432e-08 
  4.393039e-14 -7.168889e-08 
  4.396375e-14 -6.892202e-08 
  4.399710e-14 -6.744999e-08 
  4.403046e-14 -6.726476e-08 
  4.406382e-14 -6.834397e-08 
  4.409717e-14 -7.065129e-08 
  4.413053e-14 -7.413711e-08 
  4.416389e-14 -7.873942e-08 
  4.419724e-14 -8.438482e-08 
  4.423060e-14 -9.098945e-08 
  4.426396e-14 -9.846019e-08 
  4.429731e-14 -1.066961e-07 
  4.433067e-14 -1.155899e-07 
  4.436402e-14 -1.250297e-07 
  4.439738e-14 -1.349005e-07 
  4.443074e-14 -1.450853e-07 
  4.446409e-14 -1.554666e-07 
  4.449745e-14 -1.659280e-07 
  4.453081e-14 -1.763551e-07 
  4.456416e-14 -1.866376e-07 
  4.459752e-14 -1.966705e-07 
  4.463088e-14 -2.063549e-07 
  4.466423e-14 -2.155999e-07 
  4.469759e-14 -2.243230e-07 
  4.473095e-14 -2.324516e-07 
  4.476430e-14 -2.399239e-07 
  4.479766e-14 -2.466891e-07 
  4.483101e-14 -2.527083e-07 
  4.486437e-14 -2.579540e-07 
  4.489773e-14 -2.624107e-07 
  4.493108e-14 -2.660745e-07 
  4.496444e-14 -2.689532e-07 
  4.499780e-14 -2.710654e-07 
  4.503115e-14 -2.724404e-07 
  4.506451e-14 -2.731174e-07 
  4.509787e-14 -2.731448e-07 
  4.513122e-14 -2.725794e-07 
  4.516458e-14 -2.714854e-07 
  4.519793e-14 -2.699335e-07 
  4.523129e-14 -2.679995e-07 
  4.526465e-14 -2.657627e-07 
  4.529800e-14 -2.633052e-07 
  4.533136e-14 -2.607099e-07 
  4.536472e-14 -2.580595e-07 
  4.539807e-14 -2.554354e-07 
  4.543143e-14 -2.529159e-07 
  4.546479e-14 -2.505756e-07 
  4.549814e-14 -2.484839e-07 
  4.553150e-14 -2.467042e-07 
  4.556486e-14 -2.452931e-07 
  4.559821e-14 -2.442992e-07 
  4.563157e-14 -2.437628e-07 
  4.566492e-14 -2.437148e-07 
  4.569828e-14 -2.441768e-07 
  4.573164e-14 -2.451604e-07 
  4.576499e-14 -2.466671e-07 
  4.579835e-14 -2.486886e-07 
  4.583171e-14 -2.512064e-07 
  4.586506e-14 -2.541927e-07 
  4.589842e-14 -2.576100e-07 
  4.593178e-14 -2.614124e-07 
  4.596513e-14 -2.655461e-07 
  4.599849e-14 -2.699504e-07 
  4.603185e-14 -2.745583e-07 
  4.606520e-14 -2.792977e-07 
  4.609856e-14 -2.840921e-07 
  4.613191e-14 -2.888620e-07 
  4.616527e-14 -2.935260e-07 
  4.619863e-14 -2.980019e-07 
  4.623198e-14 -3.022081e-07 
  4.626534e-14 -3.060646e-07 
  4.629870e-14 -3.094943e-07 
  4.633205e-14 -3.124243e-07 
  4.636541e-14 -3.147872e-07 
  4.639877e-14 -3.165219e-07 
  4.643212e-14 -3.175746e-07 
  4.646548e-14 -3.178998e-07 
  4.649883e-14 -3.174600e-07 
  4.653219e-14 -3.162273e-07 
  4.656555e-14 -3.141832e-07 
  4.659890e-14 -3.113193e-07 
  4.663226e-14 -3.076375e-07 
  4.666562e-14 -3.031499e-07 
  4.669897e-14 -2.978788e-07 
  4.673233e-14 -2.918565e-07 
  4.676569e-14 -2.851251e-07 
  4.679904e-14 -2.777363e-07 
  4.683240e-14 -2.697506e-07 
  4.686576e-14 -2.612365e-07 
  4.689911e-14 -2.522695e-07 
  4.693247e-14 -2.429313e-07 
  4.696582e-14 -2.333084e-07 
  4.699918e-14 -2.234918e-07 
  4.703254e-14 -2.135751e-07 
  4.706589e-14 -2.036532e-07 
  4.709925e-14 -1.938216e-07 
  4.713261e-14 -1.841748e-07 
  4.716596e-14 -1.748057e-07 
  4.719932e-14 -1.658046e-07 
  4.723268e-14 -1.572579e-07 
  4.726603e-14 -1.492472e-07 
  4.729939e-14 -1.418480e-07 
  4.733275e-14 -1.351287e-07 
  4.736610e-14 -1.291499e-07 
  4.739946e-14 -1.239639e-07 
  4.743281e-14 -1.196136e-07 
  4.746617e-14 -1.161321e-07 
  4.749953e-14 -1.135425e-07 
  4.753288e-14 -1.118574e-07 
  4.756624e-14 -1.110795e-07 
  4.759960e-14 -1.112017e-07 
  4.763295e-14 -1.122068e-07 
  4.766631e-14 -1.140685e-07 
  4.769967e-14 -1.167510e-07 
  4.773302e-14 -1.202100e-07 
  4.776638e-14 -1.243933e-07 
  4.779973e-14 -1.292417e-07 
  4.783309e-14 -1.346893e-07 
  4.786645e-14 -1.406646e-07 
  4.789980e-14 -1.470916e-07 
  4.793316e-14 -1.538905e-07 
  4.796652e-14 -1.609792e-07 
  4.799987e-14 -1.682742e-07 
  4.803323e-14 -1.756923e-07 
  4.806659e-14 -1.831507e-07 
  4.809994e-14 -1.905689e-07 
  4.813330e-14 -1.978692e-07 
  4.816666e-14 -2.049778e-07 
  4.820001e-14 -2.118258e-07 
  4.823337e-14 -2.183496e-07 
  4.826672e-14 -2.244919e-07 
  4.830008e-14 -2.302023e-07 
  4.833344e-14 -2.354378e-07 
  4.836679e-14 -2.401633e-07 
  4.840015e-14 -2.443519e-07 
  4.843351e-14 -2.479853e-07 
  4.846686e-14 -2.510537e-07 
  4.850022e-14 -2.535555e-07 
  4.853358e-14 -2.554975e-07 
  4.856693e-14 -2.568946e-07 
  4.860029e-14 -2.577689e-07 
  4.863365e-14 -2.581502e-07 
  4.866700e-14 -2.580744e-07 
  4.870036e-14 -2.575834e-07 
  4.873371e-14 -2.567242e-07 
  4.876707e-14 -2.555481e-07 
  4.880043e-14 -2.541101e-07 
  4.883378e-14 -2.524672e-07 
  4.886714e-14 -2.506785e-07 
  4.890050e-14 -2.488034e-07 
  4.893385e-14 -2.469013e-07 
  4.896721e-14 -2.450303e-07 
  4.900057e-14 -2.432465e-07 
  4.903392e-14 -2.416031e-07 
  4.906728e-14 -2.401496e-07 
  4.910063e-14 -2.389308e-07 
  4.913399e-14 -2.379864e-07 
  4.916735e-14 -2.373504e-07 
  4.920070e-14 -2.370503e-07 
  4.923406e-14 -2.371070e-07 
  4.926742e-14 -2.375345e-07 
  4.930077e-14 -2.383395e-07 
  4.933413e-14 -2.395214e-07 
  4.936749e-14 -2.410724e-07 
  4.940084e-14 -2.429775e-07 
  4.943420e-14 -2.452150e-07 
  4.946756e-14 -2.477561e-07 
  4.950091e-14 -2.505661e-07 
  4.953427e-14 -2.536046e-07 
  4.956762e-14 -2.568258e-07 
  4.960098e-14 -2.601799e-07 
  4.963434e-14 -2.636133e-07 
  4.966769e-14 -2.670694e-07 
  4.970105e-14 -2.704896e-07 
  4.973441e-14 -2.738142e-07 
  4.976776e-14 -2.769829e-07 
  4.980112e-14 -2.799361e-07 
  4.983448e-14 -2.826158e-07 
  4.986783e-14 -2.849664e-07 
  4.990119e-14 -2.869353e-07 
  4.993455e-14 -2.884739e-07 
  4.996790e-14 -2.895382e-07 
  5.000126e-14 -2.900898e-07 
  5.003461e-14 -2.900959e-07 
  5.006797e-14 -2.895306e-07 
  5.010133e-14 -2.883746e-07 
  5.013468e-14 -2.866156e-07 
  5.016804e-14 -2.842491e-07 
  5.020140e-14 -2.812783e-07 
  5.023475e-14 -2.777143e-07 
  5.026811e-14 -2.735756e-07 
  5.030147e-14 -2.688885e-07 
  5.033482e-14 -2.636860e-07 
  5.036818e-14 -2.580080e-07 
  5.040153e-14 -2.519011e-07 
  5.043489e-14 -2.454173e-07 
  5.046825e-14 -2.386139e-07 
  5.050160e-14 -2.315528e-07 
  5.053496e-14 -2.242991e-07 
  5.056832e-14 -2.169210e-07 
  5.060167e-14 -2.094888e-07 
  5.063503e-14 -2.020742e-07 
  5.066839e-14 -1.947489e-07 
  5.070174e-14 -1.875844e-07 
  5.073510e-14 -1.806502e-07 
  5.076846e-14 -1.740138e-07 
  5.080181e-14 -1.677397e-07 
  5.083517e-14 -1.618885e-07 
  5.086852e-14 -1.565160e-07 
  5.090188e-14 -1.516726e-07 
  5.093524e-14 -1.474023e-07 
  5.096859e-14 -1.437426e-07 
  5.100195e-14 -1.407239e-07 
  5.103531e-14 -1.383695e-07 
  5.106866e-14 -1.366951e-07 
  5.110202e-14 -1.357087e-07 
  5.113538e-14 -1.354106e-07 
  5.116873e-14 -1.357938e-07 
  5.120209e-14 -1.368435e-07 
  5.123545e-14 -1.385380e-07 
  5.126880e-14 -1.408486e-07 
  5.130216e-14 -1.437396e-07 
  5.133551e-14 -1.471693e-07 
  5.136887e-14 -1.510904e-07 
  5.140223e-14 -1.554507e-07 
  5.143558e-14 -1.601941e-07 
  5.146894e-14 -1.652611e-07 
  5.150230e-14 -1.705895e-07 
  5.153565e-14 -1.761155e-07 
  5.156901e-14 -1.817747e-07 
  5.160237e-14 -1.875026e-07 
  5.163572e-14 -1.932358e-07 
  5.166908e-14 -1.989125e-07 
  5.170243e-14 -2.044731e-07 
  5.173579e-14 -2.098614e-07 
  5.176915e-14 -2.150248e-07 
  5.180250e-14 -2.199151e-07 
  5.183586e-14 -2.244891e-07 
  5.186922e-14 -2.287090e-07 
  5.190257e-14 -2.325429e-07 
  5.193593e-14 -2.359654e-07 
  5.196929e-14 -2.389574e-07 
  5.200264e-14 -2.415067e-07 
  5.203600e-14 -2.436081e-07 
  5.206936e-14 -2.452628e-07 
  5.210271e-14 -2.464786e-07 
  5.213607e-14 -2.472694e-07 
  5.216942e-14 -2.476551e-07 
  5.220278e-14 -2.476611e-07 
  5.223614e-14 -2.473177e-07 
  5.226949e-14 -2.466598e-07 
  5.230285e-14 -2.457261e-07 
  5.233621e-14 -2.445587e-07 
  5.236956e-14 -2.432025e-07 
  5.240292e-14 -2.417041e-07 
  5.243628e-14 -2.401111e-07 
  5.246963e-14 -2.384718e-07 
  5.250299e-14 -2.368338e-07 
  5.253634e-14 -2.352436e-07 
  5.256970e-14 -2.337458e-07 
  5.260306e-14 -2.323824e-07 
  5.263641e-14 -2.311923e-07 
  5.266977e-14 -2.302103e-07 
  5.270313e-14 -2.294670e-07 
  5.273648e-14 -2.289882e-07 
  5.276984e-14 -2.287945e-07 
  5.280320e-14 -2.289008e-07 
  5.283655e-14 -2.293164e-07 
  5.286991e-14 -2.300447e-07 
  5.290327e-14 -2.310831e-07 
  5.293662e-14 -2.324232e-07 
  5.296998e-14 -2.340505e-07 
  5.300333e-14 -2.359451e-07 
  5.303669e-14 -2.380817e-07 
  5.307005e-14 -2.404302e-07 
  5.310340e-14 -2.429557e-07 
  5.313676e-14 -2.456195e-07 
  5.317012e-14 -2.483793e-07 
  5.320347e-14 -2.511902e-07 
  5.323683e-14 -2.540053e-07 
  5.327019e-14 -2.567759e-07 
  5.330354e-14 -2.594530e-07 
  5.333690e-14 -2.619873e-07 
  5.337026e-14 -2.643303e-07 
  5.340361e-14 -2.664347e-07 
  5.343697e-14 -2.682559e-07 
  5.347032e-14 -2.697517e-07 
  5.350368e-14 -2.708837e-07 
  5.353704e-14 -2.716176e-07 
  5.357039e-14 -2.719237e-07 
  5.360375e-14 -2.717775e-07 
  5.363711e-14 -2.711603e-07 
  5.367046e-14 -2.700590e-07 
  5.370382e-14 -2.684668e-07 
  5.373718e-14 -2.663830e-07 
  5.377053e-14 -2.638132e-07 
  5.380389e-14 -2.607693e-07 
  5.383724e-14 -2.572696e-07 
  5.387060e-14 -2.533384e-07 
  5.390396e-14 -2.490060e-07 
  5.393731e-14 -2.443078e-07 
  5.397067e-14 -2.392844e-07 
  5.400403e-14 -2.339807e-07 
  5.403738e-14 -2.284460e-07 
  5.407074e-14 -2.227328e-07 
  5.410410e-14 -2.168961e-07 
  5.413745e-14 -2.109931e-07 
  5.417081e-14 -2.050820e-07 
  5.420417e-14 -1.992217e-07 
  5.423752e-14 -1.934709e-07 
  5.427088e-14 -1.878875e-07 
  5.430423e-14 -1.825274e-07 
  5.433759e-14 -1.774442e-07 
  5.437095e-14 -1.726882e-07 
  5.440430e-14 -1.683062e-07 
  5.443766e-14 -1.643407e-07 
  5.447102e-14 -1.608293e-07 
  5.450437e-14 -1.578041e-07 
  5.453773e-14 -1.552918e-07 
  5.457109e-14 -1.533126e-07 
  5.460444e-14 -1.518807e-07 
  5.463780e-14 -1.510040e-07 
  5.467116e-14 -1.506840e-07 
  5.470451e-14 -1.509157e-07 
  5.473787e-14 -1.516877e-07 
  5.477122e-14 -1.529824e-07 
  5.480458e-14 -1.547766e-07 
  5.483794e-14 -1.570415e-07 
  5.487129e-14 -1.597432e-07 
  5.490465e-14 -1.628431e-07 
  5.493801e-14 -1.662985e-07 
  5.497136e-14 -1.700632e-07 
  5.500472e-14 -1.740883e-07 
  5.503808e-14 -1.783227e-07 
  5.507143e-14 -1.827140e-07 
  5.510479e-14 -1.872091e-07 
  5.513814e-14 -1.917546e-07 
  5.517150e-14 -1.962980e-07 
  5.520486e-14 -2.007880e-07 
  5.523821e-14 -2.051754e-07 
  5.527157e-14 -2.094137e-07 
  5.530493e-14 -2.134593e-07 
  5.533828e-14 -2.172727e-07 
  5.537164e-14 -2.208183e-07 
  5.540500e-14 -2.240656e-07 
  5.543835e-14 -2.269888e-07 
  5.547171e-14 -2.295676e-07 
  5.550507e-14 -2.317870e-07 
  5.553842e-14 -2.336380e-07 
  5.557178e-14 -2.351168e-07 
  5.560513e-14 -2.362257e-07 
  5.563849e-14 -2.369719e-07 
  5.567185e-14 -2.373683e-07 
  5.570520e-14 -2.374325e-07 
  5.573856e-14 -2.371869e-07 
  5.577192e-14 -2.366578e-07 
  5.580527e-14 -2.358757e-07 
  5.583863e-14 -2.348739e-07 
  5.587199e-14 -2.336887e-07 
  5.590534e-14 -2.323584e-07 
  5.593870e-14 -2.309228e-07 
  5.597206e-14 -2.294226e-07 
  5.600541e-14 -2.278988e-07 
  5.603877e-14 -2.263918e-07 
  5.607212e-14 -2.249409e-07 
  5.610548e-14 -2.235838e-07 
  5.613884e-14 -2.223560e-07 
  5.617219e-14 -2.212899e-07 
  5.620555e-14 -2.204147e-07 
  5.623891e-14 -2.197559e-07 
  5.627226e-14 -2.193346e-07 
  5.630562e-14 -2.191677e-07 
  5.633898e-14 -2.192673e-07 
  5.637233e-14 -2.196406e-07 
  5.640569e-14 -2.202898e-07 
  5.643904e-14 -2.212120e-07 
  5.647240e-14 -2.223994e-07 
  5.650576e-14 -2.238391e-07 
  5.653911e-14 -2.255134e-07 
  5.657247e-14 -2.274003e-07 
  5.660583e-14 -2.294733e-07 
  5.663918e-14 -2.317026e-07 
  5.667254e-14 -2.340545e-07 
  5.670590e-14 -2.364931e-07 
  5.673925e-14 -2.389797e-07 
  5.677261e-14 -2.414743e-07 
  5.680597e-14 -2.439355e-07 
  5.683932e-14 -2.463215e-07 
  5.687268e-14 -2.485905e-07 
  5.690603e-14 -2.507016e-07 
  5.693939e-14 -2.526150e-07 
  5.697275e-14 -2.542928e-07 
  5.700610e-14 -2.556996e-07 
  5.703946e-14 -2.568030e-07 
  5.707282e-14 -2.575742e-07 
  5.710617e-14 -2.579882e-07 
  5.713953e-14 -2.580244e-07 
  5.717289e-14 -2.576671e-07 
  5.720624e-14 -2.569052e-07 
  5.723960e-14 -2.557331e-07 
  5.727296e-14 -2.541503e-07 
  5.730631e-14 -2.521617e-07 
  5.733967e-14 -2.497773e-07 
  5.737302e-14 -2.470123e-07 
  5.740638e-14 -2.438868e-07 
  5.743974e-14 -2.404259e-07 
  5.747309e-14 -2.366590e-07 
  5.750645e-14 -2.326200e-07 
  5.753981e-14 -2.283461e-07 
  5.757316e-14 -2.238779e-07 
  5.760652e-14 -2.192588e-07 
  5.763988e-14 -2.145343e-07 
  5.767323e-14 -2.097517e-07 
  5.770659e-14 -2.049591e-07 
  5.773994e-14 -2.002047e-07 
  5.777330e-14 -1.955367e-07 
  5.780666e-14 -1.910021e-07 
  5.784001e-14 -1.866468e-07 
  5.787337e-14 -1.825146e-07 
  5.790673e-14 -1.786466e-07 
  5.794008e-14 -1.750808e-07 
  5.797344e-14 -1.718516e-07 
  5.800680e-14 -1.689894e-07 
  5.804015e-14 -1.665204e-07 
  5.807351e-14 -1.644660e-07 
  5.810687e-14 -1.628425e-07 
  5.814022e-14 -1.616614e-07 
  5.817358e-14 -1.609284e-07 
  5.820693e-14 -1.606444e-07 
  5.824029e-14 -1.608048e-07 
  5.827365e-14 -1.614002e-07 
  5.830700e-14 -1.624159e-07 
  5.834036e-14 -1.638326e-07 
  5.837372e-14 -1.656264e-07 
  5.840707e-14 -1.677695e-07 
  5.844043e-14 -1.702303e-07 
  5.847379e-14 -1.729741e-07 
  5.850714e-14 -1.759635e-07 
  5.854050e-14 -1.791587e-07 
  5.857386e-14 -1.825185e-07 
  5.860721e-14 -1.860003e-07 
  5.864057e-14 -1.895612e-07 
  5.867392e-14 -1.931582e-07 
  5.870728e-14 -1.967489e-07 
  5.874064e-14 -2.002920e-07 
  5.877399e-14 -2.037478e-07 
  5.880735e-14 -2.070791e-07 
  5.884071e-14 -2.102510e-07 
  5.887406e-14 -2.132320e-07 
  5.890742e-14 -2.159941e-07 
  5.894078e-14 -2.185130e-07 
  5.897413e-14 -2.207687e-07 
  5.900749e-14 -2.227452e-07 
  5.904084e-14 -2.244311e-07 
  5.907420e-14 -2.258196e-07 
  5.910756e-14 -2.269082e-07 
  5.914091e-14 -2.276991e-07 
  5.917427e-14 -2.281985e-07 
  5.920763e-14 -2.284171e-07 
  5.924098e-14 -2.283696e-07 
  5.927434e-14 -2.280740e-07 
  5.930770e-14 -2.275522e-07 
  5.934105e-14 -2.268288e-07 
  5.937441e-14 -2.259314e-07 
  5.940777e-14 -2.248893e-07 
  5.944112e-14 -2.237339e-07 
  5.947448e-14 -2.224973e-07 
  5.950783e-14 -2.212125e-07 
  5.954119e-14 -2.199126e-07 
  5.957455e-14 -2.186300e-07 
  5.960790e-14 -2.173964e-07 
  5.964126e-14 -2.162421e-07 
  5.967462e-14 -2.151955e-07 
  5.970797e-14 -2.142828e-07 
  5.974133e-14 -2.135275e-07 
  5.977469e-14 -2.129502e-07 
  5.980804e-14 -2.125682e-07 
  5.984140e-14 -2.123950e-07 
  5.987476e-14 -2.124404e-07 
  5.990811e-14 -2.127104e-07 
  5.994147e-14 -2.132067e-07 
  5.997482e-14 -2.139271e-07 
  6.000818e-14 -2.148652e-07 
  6.004154e-14 -2.160109e-07 
  6.007489e-14 -2.173500e-07 
  6.010825e-14 -2.188648e-07 
  6.014161e-14 -2.205343e-07 
  6.017496e-14 -2.223344e-07 
  6.020832e-14 -2.242383e-07 
  6.024168e-14 -2.262169e-07 
  6.027503e-14 -2.282394e-07 
  6.030839e-14 -2.302733e-07 
  6.034174e-14 -2.322854e-07 
  6.037510e-14 -2.342418e-07 
  6.040846e-14 -2.361087e-07 
  6.044181e-14 -2.378527e-07 
  6.047517e-14 -2.394413e-07 
  6.050853e-14 -2.408437e-07 
  6.054188e-14 -2.420308e-07 
  6.057524e-14 -2.429759e-07 
  6.060860e-14 -2.436550e-07 
  6.064195e-14 -2.440473e-07 
  6.067531e-14 -2.441353e-07 
  6.070867e-14 -2.439054e-07 
  6.074202e-14 -2.433479e-07 
  6.077538e-14 -2.424568e-07 
  6.080873e-14 -2.412307e-07 
  6.084209e-14 -2.396721e-07 
  6.087545e-14 -2.377881e-07 
  6.090880e-14 -2.355897e-07 
  6.094216e-14 -2.330921e-07 
  6.097552e-14 -2.303142e-07 
  6.100887e-14 -2.272787e-07 
  6.104223e-14 -2.240116e-07 
  6.107559e-14 -2.205422e-07 
  6.110894e-14 -2.169025e-07 
  6.114230e-14 -2.131268e-07 
  6.117566e-14 -2.092513e-07 
  6.120901e-14 -2.053134e-07 
  6.124237e-14 -2.013518e-07 
  6.127572e-14 -1.974054e-07 
  6.130908e-14 -1.935133e-07 
  6.134244e-14 -1.897138e-07 
  6.137579e-14 -1.860444e-07 
  6.140915e-14 -1.825412e-07 
  6.144251e-14 -1.792383e-07 
  6.147586e-14 -1.761677e-07 
  6.150922e-14 -1.733587e-07 
  6.154258e-14 -1.708376e-07 
  6.157593e-14 -1.686272e-07 
  6.160929e-14 -1.667465e-07 
  6.164264e-14 -1.652107e-07 
  6.167600e-14 -1.640312e-07 
  6.170936e-14 -1.632148e-07 
  6.174271e-14 -1.627643e-07 
  6.177607e-14 -1.626783e-07 
  6.180943e-14 -1.629511e-07 
  6.184278e-14 -1.635731e-07 
  6.187614e-14 -1.645310e-07 
  6.190950e-14 -1.658076e-07 
  6.194285e-14 -1.673824e-07 
  6.197621e-14 -1.692315e-07 
  6.200957e-14 -1.713282e-07 
  6.204292e-14 -1.736435e-07 
  6.207628e-14 -1.761463e-07 
  6.210963e-14 -1.788036e-07 
  6.214299e-14 -1.815815e-07 
  6.217635e-14 -1.844454e-07 
  6.220970e-14 -1.873601e-07 
  6.224306e-14 -1.902910e-07 
  6.227642e-14 -1.932040e-07 
  6.230977e-14 -1.960660e-07 
  6.234313e-14 -1.988455e-07 
  6.237649e-14 -2.015128e-07 
  6.240984e-14 -2.040406e-07 
  6.244320e-14 -2.064040e-07 
  6.247656e-14 -2.085810e-07 
  6.250991e-14 -2.105529e-07 
  6.254327e-14 -2.123041e-07 
  6.257662e-14 -2.138227e-07 
  6.260998e-14 -2.151003e-07 
  6.264334e-14 -2.161321e-07 
  6.267669e-14 -2.169170e-07 
  6.271005e-14 -2.174577e-07 
  6.274341e-14 -2.177602e-07 
  6.277676e-14 -2.178340e-07 
  6.281012e-14 -2.176918e-07 
  6.284348e-14 -2.173492e-07 
  6.287683e-14 -2.168244e-07 
  6.291019e-14 -2.161381e-07 
  6.294354e-14 -2.153131e-07 
  6.297690e-14 -2.143736e-07 
  6.301026e-14 -2.133454e-07 
  6.304361e-14 -2.122551e-07 
  6.307697e-14 -2.111294e-07 
  6.311033e-14 -2.099955e-07 
  6.314368e-14 -2.088799e-07 
  6.317704e-14 -2.078084e-07 
  6.321040e-14 -2.068056e-07 
  6.324375e-14 -2.058948e-07 
  6.327711e-14 -2.050970e-07 
  6.331047e-14 -2.044312e-07 
  6.334382e-14 -2.039141e-07 
  6.337718e-14 -2.035595e-07 
  6.341053e-14 -2.033781e-07 
  6.344389e-14 -2.033776e-07 
  6.347725e-14 -2.035623e-07 
  6.351060e-14 -2.039334e-07 
  6.354396e-14 -2.044885e-07 
  6.357732e-14 -2.052220e-07 
  6.361067e-14 -2.061251e-07 
  6.364403e-14 -2.071858e-07 
  6.367739e-14 -2.083892e-07 
  6.371074e-14 -2.097177e-07 
  6.374410e-14 -2.111512e-07 
  6.377746e-14 -2.126674e-07 
  6.381081e-14 -2.142421e-07 
  6.384417e-14 -2.158494e-07 
  6.387752e-14 -2.174625e-07 
  6.391088e-14 -2.190535e-07 
  6.394424e-14 -2.205944e-07 
  6.397759e-14 -2.220569e-07 
  6.401095e-14 -2.234133e-07 
  6.404431e-14 -2.246367e-07 
  6.407766e-14 -2.257014e-07 
  6.411102e-14 -2.265834e-07 
  6.414438e-14 -2.272608e-07 
  6.417773e-14 -2.277137e-07 
  6.421109e-14 -2.279249e-07 
  6.424444e-14 -2.278802e-07 
  6.427780e-14 -2.275683e-07 
  6.431116e-14 -2.269813e-07 
  6.434451e-14 -2.261146e-07 
  6.437787e-14 -2.249671e-07 
  6.441123e-14 -2.235412e-07 
  6.444458e-14 -2.218429e-07 
  6.447794e-14 -2.198820e-07 
  6.451130e-14 -2.176713e-07 
  6.454465e-14 -2.152272e-07 
  6.457801e-14 -2.125692e-07 
  6.461137e-14 -2.097194e-07 
  6.464472e-14 -2.067027e-07 
  6.467808e-14 -2.035463e-07 
  6.471143e-14 -2.002794e-07 
  6.474479e-14 -1.969327e-07 
  6.477815e-14 -1.935380e-07 
  6.481150e-14 -1.901282e-07 
  6.484486e-14 -1.867363e-07 
  6.487822e-14 -1.833956e-07 
  6.491157e-14 -1.801388e-07 
  6.494493e-14 -1.769979e-07 
  6.497829e-14 -1.740036e-07 
  6.501164e-14 -1.711850e-07 
  6.504500e-14 -1.685693e-07 
  6.507835e-14 -1.661813e-07 
  6.511171e-14 -1.640434e-07 
  6.514507e-14 -1.621747e-07 
  6.517842e-14 -1.605915e-07 
  6.521178e-14 -1.593065e-07 
  6.524514e-14 -1.583291e-07 
  6.527849e-14 -1.576650e-07 
  6.531185e-14 -1.573166e-07 
  6.534521e-14 -1.572825e-07 
  6.537856e-14 -1.575577e-07 
  6.541192e-14 -1.581337e-07 
  6.544528e-14 -1.589987e-07 
  6.547863e-14 -1.601377e-07 
  6.551199e-14 -1.615327e-07 
  6.554534e-14 -1.631629e-07 
  6.557870e-14 -1.650050e-07 
  6.561206e-14 -1.670334e-07 
  6.564541e-14 -1.692210e-07 
  6.567877e-14 -1.715391e-07 
  6.571213e-14 -1.739581e-07 
  6.574548e-14 -1.764477e-07 
  6.577884e-14 -1.789775e-07 
  6.581220e-14 -1.815171e-07 
  6.584555e-14 -1.840368e-07 
  6.587891e-14 -1.865078e-07 
  6.591227e-14 -1.889026e-07 
  6.594562e-14 -1.911952e-07 
  6.597898e-14 -1.933616e-07 
  6.601233e-14 -1.953802e-07 
  6.604569e-14 -1.972316e-07 
  6.607905e-14 -1.988993e-07 
  6.611240e-14 -2.003699e-07 
  6.614576e-14 -2.016328e-07 
  6.617912e-14 -2.026808e-07 
  6.621247e-14 -2.035099e-07 
  6.624583e-14 -2.041195e-07 
  6.627919e-14 -2.045118e-07 
  6.631254e-14 -2.046925e-07 
  6.634590e-14 -2.046700e-07 
  6.637925e-14 -2.044557e-07 
  6.641261e-14 -2.040635e-07 
  6.644597e-14 -2.035096e-07 
  6.647932e-14 -2.028125e-07 
  6.651268e-14 -2.019922e-07 
  6.654604e-14 -2.010706e-07 
  6.657939e-14 -2.000705e-07 
  6.661275e-14 -1.990156e-07 
  6.664611e-14 -1.979300e-07 
  6.667946e-14 -1.968380e-07 
  6.671282e-14 -1.957634e-07 
  6.674618e-14 -1.947294e-07 
  6.677953e-14 -1.937580e-07 
  6.681289e-14 -1.928702e-07 
  6.684624e-14 -1.920849e-07 
  6.687960e-14 -1.914193e-07 
  6.691296e-14 -1.908883e-07 
  6.694631e-14 -1.905043e-07 
  6.697967e-14 -1.902772e-07 
  6.701303e-14 -1.902139e-07 
  6.704638e-14 -1.903188e-07 
  6.707974e-14 -1.905929e-07 
  6.711310e-14 -1.910343e-07 
  6.714645e-14 -1.916384e-07 
  6.717981e-14 -1.923975e-07 
  6.721317e-14 -1.933010e-07 
  6.724652e-14 -1.943357e-07 
  6.727988e-14 -1.954861e-07 
  6.731323e-14 -1.967342e-07 
  6.734659e-14 -1.980603e-07 
  6.737995e-14 -1.994426e-07 
  6.741330e-14 -2.008582e-07 
  6.744666e-14 -2.022829e-07 
  6.748002e-14 -2.036919e-07 
  6.751337e-14 -2.050600e-07 
  6.754673e-14 -2.063618e-07 
  6.758009e-14 -2.075725e-07 
  6.761344e-14 -2.086679e-07 
  6.764680e-14 -2.096247e-07 
  6.768015e-14 -2.104214e-07 
  6.771351e-14 -2.110381e-07 
  6.774687e-14 -2.114569e-07 
  6.778022e-14 -2.116622e-07 
  6.781358e-14 -2.116410e-07 
  6.784694e-14 -2.113831e-07 
  6.788029e-14 -2.108809e-07 
  6.791365e-14 -2.101303e-07 
  6.794701e-14 -2.091300e-07 
  6.798036e-14 -2.078820e-07 
  6.801372e-14 -2.063915e-07 
  6.804708e-14 -2.046669e-07 
  6.808043e-14 -2.027199e-07 
  6.811379e-14 -2.005649e-07 
  6.814714e-14 -1.982194e-07 
  6.818050e-14 -1.957032e-07 
  6.821386e-14 -1.930386e-07 
  6.824721e-14 -1.902499e-07 
  6.828057e-14 -1.873632e-07 
  6.831393e-14 -1.844060e-07 
  6.834728e-14 -1.814070e-07 
  6.838064e-14 -1.783956e-07 
  6.841400e-14 -1.754015e-07 
  6.844735e-14 -1.724547e-07 
  6.848071e-14 -1.695845e-07 
  6.851407e-14 -1.668197e-07 
  6.854742e-14 -1.641882e-07 
  6.858078e-14 -1.617161e-07 
  6.861413e-14 -1.594277e-07 
  6.864749e-14 -1.573455e-07 
  6.868085e-14 -1.554894e-07 
  6.871420e-14 -1.538767e-07 
  6.874756e-14 -1.525220e-07 
  6.878092e-14 -1.514365e-07 
  6.881427e-14 -1.506285e-07 
  6.884763e-14 -1.501031e-07 
  6.888099e-14 -1.498620e-07 
  6.891434e-14 -1.499038e-07 
  6.894770e-14 -1.502238e-07 
  6.898105e-14 -1.508141e-07 
  6.901441e-14 -1.516636e-07 
  6.904777e-14 -1.527584e-07 
  6.908112e-14 -1.540817e-07 
  6.911448e-14 -1.556143e-07 
  6.914784e-14 -1.573348e-07 
  6.918119e-14 -1.592196e-07 
  6.921455e-14 -1.612437e-07 
  6.924791e-14 -1.633809e-07 
  6.928126e-14 -1.656040e-07 
  6.931462e-14 -1.678852e-07 
  6.934798e-14 -1.701966e-07 
  6.938133e-14 -1.725103e-07 
  6.941469e-14 -1.747991e-07 
  6.944804e-14 -1.770364e-07 
  6.948140e-14 -1.791971e-07 
  6.951476e-14 -1.812572e-07 
  6.954811e-14 -1.831951e-07 
  6.958147e-14 -1.849907e-07 
  6.961483e-14 -1.866267e-07 
  6.964818e-14 -1.880882e-07 
  6.968154e-14 -1.893629e-07 
  6.971490e-14 -1.904417e-07 
  6.974825e-14 -1.913182e-07 
  6.978161e-14 -1.919891e-07 
  6.981497e-14 -1.924541e-07 
  6.984832e-14 -1.927158e-07 
  6.988168e-14 -1.927798e-07 
  6.991503e-14 -1.926541e-07 
  6.994839e-14 -1.923498e-07 
  6.998175e-14 -1.918802e-07 
  7.001510e-14 -1.912607e-07 
  7.004846e-14 -1.905090e-07 
  7.008182e-14 -1.896443e-07 
  7.011517e-14 -1.886871e-07 
  7.014853e-14 -1.876593e-07 
  7.018189e-14 -1.865833e-07 
  7.021524e-14 -1.854820e-07 
  7.024860e-14 -1.843782e-07 
  7.028195e-14 -1.832944e-07 
  7.031531e-14 -1.822526e-07 
  7.034867e-14 -1.812736e-07 
  7.038202e-14 -1.803771e-07 
  7.041538e-14 -1.795811e-07 
  7.044874e-14 -1.789019e-07 
  7.048209e-14 -1.783536e-07 
  7.051545e-14 -1.779480e-07 
  7.054881e-14 -1.776944e-07 
  7.058216e-14 -1.775997e-07 
  7.061552e-14 -1.776679e-07 
  7.064888e-14 -1.779001e-07 
  7.068223e-14 -1.782948e-07 
  7.071559e-14 -1.788475e-07 
  7.074894e-14 -1.795508e-07 
  7.078230e-14 -1.803951e-07 
  7.081566e-14 -1.813677e-07 
  7.084901e-14 -1.824541e-07 
  7.088237e-14 -1.836373e-07 
  7.091573e-14 -1.848985e-07 
  7.094908e-14 -1.862174e-07 
 