 0 0 
  3.335641e-17 0 
  6.671282e-17 0 
  1.000692e-16 0 
  1.334256e-16 0 
  1.667820e-16 0 
  2.001385e-16 0 
  2.334949e-16 0 
  2.668513e-16 0 
  3.002077e-16 0 
  3.335641e-16 0 
  3.669205e-16 0 
  4.002769e-16 0 
  4.336333e-16 0 
  4.669897e-16 0 
  5.003461e-16 0 
  5.337026e-16 0 
  5.670590e-16 0 
  6.004154e-16 0 
  6.337718e-16 0 
  6.671282e-16 0 
  7.004846e-16 0 
  7.338410e-16 0 
  7.671974e-16 0 
  8.005538e-16 0 
  8.339102e-16 0 
  8.672666e-16 0 
  9.006231e-16 0 
  9.339795e-16 0 
  9.673359e-16 0 
  1.000692e-15 0 
  1.034049e-15 0 
  1.067405e-15 0 
  1.100762e-15 0 
  1.134118e-15 0 
  1.167474e-15 0 
  1.200831e-15 0 
  1.234187e-15 0 
  1.267544e-15 0 
  1.300900e-15 0 
  1.334256e-15 0 
  1.367613e-15 0 
  1.400969e-15 0 
  1.434326e-15 0 
  1.467682e-15 0 
  1.501038e-15 0 
  1.534395e-15 0 
  1.567751e-15 0 
  1.601108e-15 0 
  1.634464e-15 0 
  1.667820e-15 0 
  1.701177e-15 0 
  1.734533e-15 0 
  1.767890e-15 0 
  1.801246e-15 0 
  1.834603e-15 0 
  1.867959e-15 0 
  1.901315e-15 0 
  1.934672e-15 0 
  1.968028e-15 0 
  2.001385e-15 0 
  2.034741e-15 0 
  2.068097e-15 0 
  2.101454e-15 0 
  2.134810e-15 0 
  2.168167e-15 0 
  2.201523e-15 0 
  2.234879e-15 0 
  2.268236e-15 0 
  2.301592e-15 0 
  2.334949e-15 0 
  2.368305e-15 0 
  2.401661e-15 0 
  2.435018e-15 0 
  2.468374e-15 0 
  2.501731e-15 0 
  2.535087e-15 0 
  2.568444e-15 0 
  2.601800e-15 0 
  2.635156e-15 0 
  2.668513e-15 0 
  2.701869e-15 0 
  2.735226e-15 0 
  2.768582e-15 0 
  2.801938e-15 0 
  2.835295e-15 0 
  2.868651e-15 0 
  2.902008e-15 0 
  2.935364e-15 0 
  2.968720e-15 0 
  3.002077e-15 0 
  3.035433e-15 0 
  3.068790e-15 0 
  3.102146e-15 0 
  3.135502e-15 0 
  3.168859e-15 0 
  3.202215e-15 0 
  3.235572e-15 0 
  3.268928e-15 0 
  3.302285e-15 0 
  3.335641e-15 0 
  3.368997e-15 0 
  3.402354e-15 0 
  3.435710e-15 0 
  3.469067e-15 0 
  3.502423e-15 0 
  3.535779e-15 0 
  3.569136e-15 0 
  3.602492e-15 0 
  3.635849e-15 0 
  3.669205e-15 0 
  3.702561e-15 0 
  3.735918e-15 0 
  3.769274e-15 0 
  3.802631e-15 0 
  3.835987e-15 0 
  3.869344e-15 0 
  3.902700e-15 0 
  3.936056e-15 0 
  3.969413e-15 0 
  4.002769e-15 0 
  4.036126e-15 0 
  4.069482e-15 0 
  4.102838e-15 0 
  4.136195e-15 0 
  4.169551e-15 0 
  4.202908e-15 0 
  4.236264e-15 0 
  4.269620e-15 0 
  4.302977e-15 0 
  4.336333e-15 0 
  4.369690e-15 0 
  4.403046e-15 0 
  4.436402e-15 0 
  4.469759e-15 0 
  4.503115e-15 0 
  4.536472e-15 0 
  4.569828e-15 0 
  4.603185e-15 0 
  4.636541e-15 0 
  4.669897e-15 0 
  4.703254e-15 0 
  4.736610e-15 0 
  4.769967e-15 0 
  4.803323e-15 0 
  4.836679e-15 0 
  4.870036e-15 0 
  4.903392e-15 0 
  4.936749e-15 0 
  4.970105e-15 0 
  5.003461e-15 0 
  5.036818e-15 0 
  5.070174e-15 0 
  5.103531e-15 0 
  5.136887e-15 0 
  5.170243e-15 0 
  5.203600e-15 0 
  5.236956e-15 0 
  5.270313e-15 0 
  5.303669e-15 0 
  5.337026e-15 0 
  5.370382e-15 0 
  5.403738e-15 0 
  5.437095e-15 0 
  5.470451e-15 0 
  5.503808e-15 0 
  5.537164e-15 0 
  5.570520e-15 0 
  5.603877e-15 0 
  5.637233e-15 0 
  5.670590e-15 0 
  5.703946e-15 0 
  5.737302e-15 0 
  5.770659e-15 0 
  5.804015e-15 0 
  5.837372e-15 0 
  5.870728e-15 0 
  5.904084e-15 0 
  5.937441e-15 0 
  5.970797e-15 0 
  6.004154e-15 0 
  6.037510e-15 0 
  6.070867e-15 0 
  6.104223e-15 0 
  6.137579e-15 0 
  6.170936e-15 0 
  6.204292e-15 0 
  6.237649e-15 0 
  6.271005e-15 0 
  6.304361e-15 0 
  6.337718e-15 0 
  6.371074e-15 0 
  6.404431e-15 0 
  6.437787e-15 0 
  6.471143e-15 0 
  6.504500e-15 0 
  6.537856e-15 0 
  6.571213e-15 0 
  6.604569e-15 0 
  6.637925e-15 0 
  6.671282e-15 0 
  6.704638e-15 0 
  6.737995e-15 0 
  6.771351e-15 0 
  6.804708e-15 0 
  6.838064e-15 0 
  6.871420e-15 0 
  6.904777e-15 0 
  6.938133e-15 0 
  6.971490e-15 0 
  7.004846e-15 0 
  7.038202e-15 0 
  7.071559e-15 0 
  7.104915e-15 0 
  7.138272e-15 0 
  7.171628e-15 0 
  7.204984e-15 0 
  7.238341e-15 0 
  7.271697e-15 0 
  7.305054e-15 0 
  7.338410e-15 0 
  7.371767e-15 0 
  7.405123e-15 0 
  7.438479e-15 0 
  7.471836e-15 0 
  7.505192e-15 0 
  7.538549e-15 0 
  7.571905e-15 0 
  7.605261e-15 0 
  7.638618e-15 0 
  7.671974e-15 0 
  7.705331e-15 0 
  7.738687e-15 0 
  7.772043e-15 0 
  7.805400e-15 0 
  7.838756e-15 0 
  7.872113e-15 0 
  7.905469e-15 0 
  7.938825e-15 0 
  7.972182e-15 0 
  8.005538e-15 0 
  8.038895e-15 0 
  8.072251e-15 0 
  8.105608e-15 0 
  8.138964e-15 0 
  8.172320e-15 0 
  8.205677e-15 0 
  8.239033e-15 0 
  8.272390e-15 0 
  8.305746e-15 0 
  8.339102e-15 0 
  8.372459e-15 0 
  8.405815e-15 0 
  8.439172e-15 0 
  8.472528e-15 0 
  8.505884e-15 0 
  8.539241e-15 0 
  8.572597e-15 0 
  8.605954e-15 0 
  8.639310e-15 0 
  8.672666e-15 0 
  8.706023e-15 0 
  8.739379e-15 0 
  8.772736e-15 0 
  8.806092e-15 0 
  8.839449e-15 0 
  8.872805e-15 0 
  8.906161e-15 0 
  8.939518e-15 0 
  8.972874e-15 0 
  9.006231e-15 0 
  9.039587e-15 0 
  9.072943e-15 0 
  9.106300e-15 0 
  9.139656e-15 0 
  9.173013e-15 0 
  9.206369e-15 0 
  9.239725e-15 0 
  9.273082e-15 0 
  9.306438e-15 0 
  9.339795e-15 0 
  9.373151e-15 0 
  9.406507e-15 0 
  9.439864e-15 0 
  9.473220e-15 0 
  9.506577e-15 0 
  9.539933e-15 0 
  9.573290e-15 0 
  9.606646e-15 0 
  9.640002e-15 0 
  9.673359e-15 0 
  9.706715e-15 0 
  9.740072e-15 0 
  9.773428e-15 0 
  9.806784e-15 0 
  9.840141e-15 0 
  9.873497e-15 0 
  9.906854e-15 0 
  9.940210e-15 0 
  9.973566e-15 0 
  1.000692e-14 0 
  1.004028e-14 0 
  1.007364e-14 0 
  1.010699e-14 0 
  1.014035e-14 0 
  1.017370e-14 0 
  1.020706e-14 0 
  1.024042e-14 0 
  1.027377e-14 0 
  1.030713e-14 0 
  1.034049e-14 0 
  1.037384e-14 0 
  1.040720e-14 0 
  1.044056e-14 0 
  1.047391e-14 0 
  1.050727e-14 0 
  1.054063e-14 0 
  1.057398e-14 0 
  1.060734e-14 0 
  1.064069e-14 0 
  1.067405e-14 0 
  1.070741e-14 0 
  1.074076e-14 0 
  1.077412e-14 0 
  1.080748e-14 0 
  1.084083e-14 0 
  1.087419e-14 0 
  1.090755e-14 0 
  1.094090e-14 0 
  1.097426e-14 0 
  1.100762e-14 0 
  1.104097e-14 0 
  1.107433e-14 0 
  1.110768e-14 0 
  1.114104e-14 0 
  1.117440e-14 0 
  1.120775e-14 0 
  1.124111e-14 0 
  1.127447e-14 0 
  1.130782e-14 0 
  1.134118e-14 0 
  1.137454e-14 0 
  1.140789e-14 0 
  1.144125e-14 0 
  1.147460e-14 0 
  1.150796e-14 0 
  1.154132e-14 0 
  1.157467e-14 0 
  1.160803e-14 0 
  1.164139e-14 0 
  1.167474e-14 0 
  1.170810e-14 0 
  1.174146e-14 0 
  1.177481e-14 0 
  1.180817e-14 0 
  1.184153e-14 0 
  1.187488e-14 0 
  1.190824e-14 0 
  1.194159e-14 0 
  1.197495e-14 0 
  1.200831e-14 0 
  1.204166e-14 0 
  1.207502e-14 0 
  1.210838e-14 0 
  1.214173e-14 0 
  1.217509e-14 0 
  1.220845e-14 0 
  1.224180e-14 0 
  1.227516e-14 0 
  1.230852e-14 0 
  1.234187e-14 0 
  1.237523e-14 0 
  1.240858e-14 0 
  1.244194e-14 0 
  1.247530e-14 0 
  1.250865e-14 0 
  1.254201e-14 0 
  1.257537e-14 0 
  1.260872e-14 0 
  1.264208e-14 0 
  1.267544e-14 0 
  1.270879e-14 0 
  1.274215e-14 0 
  1.277550e-14 0 
  1.280886e-14 0 
  1.284222e-14 0 
  1.287557e-14 0 
  1.290893e-14 0 
  1.294229e-14 0 
  1.297564e-14 0 
  1.300900e-14 0 
  1.304236e-14 0 
  1.307571e-14 0 
  1.310907e-14 0 
  1.314243e-14 0 
  1.317578e-14 0 
  1.320914e-14 0 
  1.324249e-14 0 
  1.327585e-14 0 
  1.330921e-14 0 
  1.334256e-14 0 
  1.337592e-14 0 
  1.340928e-14 0 
  1.344263e-14 0 
  1.347599e-14 0 
  1.350935e-14 0 
  1.354270e-14 0 
  1.357606e-14 0 
  1.360942e-14 0 
  1.364277e-14 0 
  1.367613e-14 0 
  1.370948e-14 0 
  1.374284e-14 0 
  1.377620e-14 0 
  1.380955e-14 0 
  1.384291e-14 0 
  1.387627e-14 0 
  1.390962e-14 0 
  1.394298e-14 0 
  1.397634e-14 0 
  1.400969e-14 0 
  1.404305e-14 0 
  1.407640e-14 0 
  1.410976e-14 0 
  1.414312e-14 0 
  1.417647e-14 0 
  1.420983e-14 0 
  1.424319e-14 0 
  1.427654e-14 0 
  1.430990e-14 0 
  1.434326e-14 0 
  1.437661e-14 0 
  1.440997e-14 0 
  1.444333e-14 0 
  1.447668e-14 0 
  1.451004e-14 0 
  1.454339e-14 0 
  1.457675e-14 0 
  1.461011e-14 0 
  1.464346e-14 0 
  1.467682e-14 0 
  1.471018e-14 0 
  1.474353e-14 0 
  1.477689e-14 0 
  1.481025e-14 0 
  1.484360e-14 0 
  1.487696e-14 0 
  1.491032e-14 0 
  1.494367e-14 0 
  1.497703e-14 0 
  1.501038e-14 0 
  1.504374e-14 0 
  1.507710e-14 0 
  1.511045e-14 0 
  1.514381e-14 0 
  1.517717e-14 0 
  1.521052e-14 0 
  1.524388e-14 0 
  1.527724e-14 0 
  1.531059e-14 0 
  1.534395e-14 0 
  1.537730e-14 0 
  1.541066e-14 0 
  1.544402e-14 0 
  1.547737e-14 0 
  1.551073e-14 0 
  1.554409e-14 0 
  1.557744e-14 0 
  1.561080e-14 0 
  1.564416e-14 0 
  1.567751e-14 0 
  1.571087e-14 0 
  1.574423e-14 0 
  1.577758e-14 0 
  1.581094e-14 0 
  1.584429e-14 0 
  1.587765e-14 0 
  1.591101e-14 0 
  1.594436e-14 0 
  1.597772e-14 0 
  1.601108e-14 0 
  1.604443e-14 0 
  1.607779e-14 0 
  1.611115e-14 0 
  1.614450e-14 0 
  1.617786e-14 0 
  1.621122e-14 0 
  1.624457e-14 0 
  1.627793e-14 0 
  1.631128e-14 0 
  1.634464e-14 0 
  1.637800e-14 0 
  1.641135e-14 0 
  1.644471e-14 0 
  1.647807e-14 0 
  1.651142e-14 0 
  1.654478e-14 0 
  1.657814e-14 0 
  1.661149e-14 0 
  1.664485e-14 0 
  1.667820e-14 0 
  1.671156e-14 0 
  1.674492e-14 0 
  1.677827e-14 0 
  1.681163e-14 0 
  1.684499e-14 0 
  1.687834e-14 0 
  1.691170e-14 0 
  1.694506e-14 0 
  1.697841e-14 0 
  1.701177e-14 0 
  1.704513e-14 0 
  1.707848e-14 0 
  1.711184e-14 0 
  1.714519e-14 0 
  1.717855e-14 0 
  1.721191e-14 0 
  1.724526e-14 0 
  1.727862e-14 0 
  1.731198e-14 0 
  1.734533e-14 0 
  1.737869e-14 0 
  1.741205e-14 0 
  1.744540e-14 0 
  1.747876e-14 0 
  1.751211e-14 0 
  1.754547e-14 0 
  1.757883e-14 0 
  1.761218e-14 0 
  1.764554e-14 0 
  1.767890e-14 0 
  1.771225e-14 0 
  1.774561e-14 0 
  1.777897e-14 0 
  1.781232e-14 0 
  1.784568e-14 0 
  1.787904e-14 0 
  1.791239e-14 0 
  1.794575e-14 0 
  1.797910e-14 0 
  1.801246e-14 0 
  1.804582e-14 0 
  1.807917e-14 0 
  1.811253e-14 0 
  1.814589e-14 0 
  1.817924e-14 0 
  1.821260e-14 0 
  1.824596e-14 0 
  1.827931e-14 0 
  1.831267e-14 0 
  1.834603e-14 0 
  1.837938e-14 0 
  1.841274e-14 0 
  1.844609e-14 0 
  1.847945e-14 0 
  1.851281e-14 0 
  1.854616e-14 0 
  1.857952e-14 0 
  1.861288e-14 0 
  1.864623e-14 0 
  1.867959e-14 0 
  1.871295e-14 0 
  1.874630e-14 0 
  1.877966e-14 0 
  1.881301e-14 0 
  1.884637e-14 0 
  1.887973e-14 0 
  1.891308e-14 0 
  1.894644e-14 0 
  1.897980e-14 0 
  1.901315e-14 0 
  1.904651e-14 0 
  1.907987e-14 0 
  1.911322e-14 0 
  1.914658e-14 0 
  1.917994e-14 0 
  1.921329e-14 0 
  1.924665e-14 0 
  1.928000e-14 0 
  1.931336e-14 0 
  1.934672e-14 0 
  1.938007e-14 0 
  1.941343e-14 0 
  1.944679e-14 0 
  1.948014e-14 0 
  1.951350e-14 0 
  1.954686e-14 0 
  1.958021e-14 0 
  1.961357e-14 0 
  1.964693e-14 0 
  1.968028e-14 0 
  1.971364e-14 0 
  1.974699e-14 0 
  1.978035e-14 0 
  1.981371e-14 0 
  1.984706e-14 0 
  1.988042e-14 0 
  1.991378e-14 0 
  1.994713e-14 0 
  1.998049e-14 0 
  2.001385e-14 0 
  2.004720e-14 0 
  2.008056e-14 0 
  2.011391e-14 0 
  2.014727e-14 0 
  2.018063e-14 0 
  2.021398e-14 0 
  2.024734e-14 0 
  2.028070e-14 0 
  2.031405e-14 0 
  2.034741e-14 0 
  2.038077e-14 0 
  2.041412e-14 0 
  2.044748e-14 0 
  2.048084e-14 0 
  2.051419e-14 0 
  2.054755e-14 0 
  2.058090e-14 0 
  2.061426e-14 0 
  2.064762e-14 0 
  2.068097e-14 0 
  2.071433e-14 0 
  2.074769e-14 0 
  2.078104e-14 0 
  2.081440e-14 0 
  2.084776e-14 0 
  2.088111e-14 0 
  2.091447e-14 0 
  2.094783e-14 0 
  2.098118e-14 0 
  2.101454e-14 0 
  2.104789e-14 0 
  2.108125e-14 0 
  2.111461e-14 0 
  2.114796e-14 0 
  2.118132e-14 0 
  2.121468e-14 0 
  2.124803e-14 0 
  2.128139e-14 0 
  2.131475e-14 0 
  2.134810e-14 0 
  2.138146e-14 0 
  2.141481e-14 0 
  2.144817e-14 0 
  2.148153e-14 0 
  2.151488e-14 0 
  2.154824e-14 0 
  2.158160e-14 0 
  2.161495e-14 0 
  2.164831e-14 0 
  2.168167e-14 0 
  2.171502e-14 0 
  2.174838e-14 0 
  2.178174e-14 0 
  2.181509e-14 0 
  2.184845e-14 0 
  2.188180e-14 0 
  2.191516e-14 0 
  2.194852e-14 0 
  2.198187e-14 0 
  2.201523e-14 0 
  2.204859e-14 0 
  2.208194e-14 0 
  2.211530e-14 0 
  2.214866e-14 0 
  2.218201e-14 0 
  2.221537e-14 0 
  2.224873e-14 0 
  2.228208e-14 0 
  2.231544e-14 0 
  2.234879e-14 0 
  2.238215e-14 0 
  2.241551e-14 0 
  2.244886e-14 0 
  2.248222e-14 0 
  2.251558e-14 0 
  2.254893e-14 0 
  2.258229e-14 0 
  2.261565e-14 0 
  2.264900e-14 0 
  2.268236e-14 0 
  2.271571e-14 0 
  2.274907e-14 0 
  2.278243e-14 0 
  2.281578e-14 0 
  2.284914e-14 0 
  2.288250e-14 0 
  2.291585e-14 0 
  2.294921e-14 0 
  2.298257e-14 0 
  2.301592e-14 0 
  2.304928e-14 0 
  2.308264e-14 0 
  2.311599e-14 0 
  2.314935e-14 0 
  2.318270e-14 0 
  2.321606e-14 0 
  2.324942e-14 0 
  2.328277e-14 0 
  2.331613e-14 0 
  2.334949e-14 0 
  2.338284e-14 0 
  2.341620e-14 0 
  2.344956e-14 0 
  2.348291e-14 0 
  2.351627e-14 0 
  2.354963e-14 0 
  2.358298e-14 0 
  2.361634e-14 0 
  2.364969e-14 0 
  2.368305e-14 0 
  2.371641e-14 0 
  2.374976e-14 0 
  2.378312e-14 0 
  2.381648e-14 0 
  2.384983e-14 0 
  2.388319e-14 0 
  2.391655e-14 0 
  2.394990e-14 0 
  2.398326e-14 0 
  2.401661e-14 0 
  2.404997e-14 0 
  2.408333e-14 0 
  2.411668e-14 0 
  2.415004e-14 0 
  2.418340e-14 0 
  2.421675e-14 0 
  2.425011e-14 0 
  2.428347e-14 0 
  2.431682e-14 0 
  2.435018e-14 0 
  2.438354e-14 0 
  2.441689e-14 0 
  2.445025e-14 0 
  2.448360e-14 0 
  2.451696e-14 0 
  2.455032e-14 0 
  2.458367e-14 0 
  2.461703e-14 0 
  2.465039e-14 0 
  2.468374e-14 0 
  2.471710e-14 0 
  2.475046e-14 0 
  2.478381e-14 0 
  2.481717e-14 0 
  2.485053e-14 0 
  2.488388e-14 0 
  2.491724e-14 0 
  2.495059e-14 0 
  2.498395e-14 0 
  2.501731e-14 0 
  2.505066e-14 0 
  2.508402e-14 0 
  2.511738e-14 0 
  2.515073e-14 0 
  2.518409e-14 0 
  2.521745e-14 0 
  2.525080e-14 0 
  2.528416e-14 0 
  2.531751e-14 0 
  2.535087e-14 0 
  2.538423e-14 0 
  2.541758e-14 0 
  2.545094e-14 0 
  2.548430e-14 0 
  2.551765e-14 0 
  2.555101e-14 0 
  2.558437e-14 0 
  2.561772e-14 0 
  2.565108e-14 0 
  2.568444e-14 0 
  2.571779e-14 0 
  2.575115e-14 0 
  2.578450e-14 0 
  2.581786e-14 0 
  2.585122e-14 0 
  2.588457e-14 0 
  2.591793e-14 0 
  2.595129e-14 0 
  2.598464e-14 0 
  2.601800e-14 0 
  2.605136e-14 0 
  2.608471e-14 0 
  2.611807e-14 0 
  2.615143e-14 0 
  2.618478e-14 0 
  2.621814e-14 0 
  2.625149e-14 0 
  2.628485e-14 0 
  2.631821e-14 0 
  2.635156e-14 0 
  2.638492e-14 0 
  2.641828e-14 0 
  2.645163e-14 0 
  2.648499e-14 0 
  2.651835e-14 0 
  2.655170e-14 0 
  2.658506e-14 0 
  2.661841e-14 0 
  2.665177e-14 0 
  2.668513e-14 0 
  2.671848e-14 0 
  2.675184e-14 0 
  2.678520e-14 0 
  2.681855e-14 0 
  2.685191e-14 0 
  2.688527e-14 0 
  2.691862e-14 0 
  2.695198e-14 0 
  2.698534e-14 0 
  2.701869e-14 0 
  2.705205e-14 0 
  2.708540e-14 0 
  2.711876e-14 0 
  2.715212e-14 0 
  2.718547e-14 0 
  2.721883e-14 0 
  2.725219e-14 0 
  2.728554e-14 0 
  2.731890e-14 0 
  2.735226e-14 0 
  2.738561e-14 0 
  2.741897e-14 0 
  2.745233e-14 0 
  2.748568e-14 0 
  2.751904e-14 0 
  2.755239e-14 0 
  2.758575e-14 0 
  2.761911e-14 0 
  2.765246e-14 0 
  2.768582e-14 0 
  2.771918e-14 0 
  2.775253e-14 0 
  2.778589e-14 0 
  2.781925e-14 0 
  2.785260e-14 0 
  2.788596e-14 0 
  2.791931e-14 0 
  2.795267e-14 0 
  2.798603e-14 0 
  2.801938e-14 0 
  2.805274e-14 0 
  2.808610e-14 0 
  2.811945e-14 0 
  2.815281e-14 0 
  2.818617e-14 0 
  2.821952e-14 0 
  2.825288e-14 0 
  2.828624e-14 0 
  2.831959e-14 0 
  2.835295e-14 0 
  2.838630e-14 0 
  2.841966e-14 0 
  2.845302e-14 0 
  2.848637e-14 0 
  2.851973e-14 0 
  2.855309e-14 0 
  2.858644e-14 0 
  2.861980e-14 0 
  2.865316e-14 0 
  2.868651e-14 0 
  2.871987e-14 0 
  2.875323e-14 0 
  2.878658e-14 0 
  2.881994e-14 0 
  2.885329e-14 0 
  2.888665e-14 0 
  2.892001e-14 0 
  2.895336e-14 0 
  2.898672e-14 0 
  2.902008e-14 0 
  2.905343e-14 0 
  2.908679e-14 0 
  2.912015e-14 0 
  2.915350e-14 0 
  2.918686e-14 0 
  2.922021e-14 0 
  2.925357e-14 0 
  2.928693e-14 0 
  2.932028e-14 0 
  2.935364e-14 0 
  2.938700e-14 0 
  2.942035e-14 0 
  2.945371e-14 0 
  2.948707e-14 0 
  2.952042e-14 0 
  2.955378e-14 0 
  2.958714e-14 0 
  2.962049e-14 0 
  2.965385e-14 0 
  2.968720e-14 0 
  2.972056e-14 0 
  2.975392e-14 0 
  2.978727e-14 0 
  2.982063e-14 0 
  2.985399e-14 0 
  2.988734e-14 0 
  2.992070e-14 0 
  2.995406e-14 0 
  2.998741e-14 0 
  3.002077e-14 0 
  3.005412e-14 0 
  3.008748e-14 0 
  3.012084e-14 0 
  3.015419e-14 0 
  3.018755e-14 0 
  3.022091e-14 0 
  3.025426e-14 0 
  3.028762e-14 0 
  3.032098e-14 0 
  3.035433e-14 0 
  3.038769e-14 0 
  3.042105e-14 0 
  3.045440e-14 0 
  3.048776e-14 0 
  3.052111e-14 0 
  3.055447e-14 0 
  3.058783e-14 0 
  3.062118e-14 0 
  3.065454e-14 0 
  3.068790e-14 0 
  3.072125e-14 0 
  3.075461e-14 0 
  3.078797e-14 0 
  3.082132e-14 0 
  3.085468e-14 0 
  3.088804e-14 0 
  3.092139e-14 0 
  3.095475e-14 0 
  3.098810e-14 0 
  3.102146e-14 0 
  3.105482e-14 0 
  3.108817e-14 0 
  3.112153e-14 0 
  3.115489e-14 0 
  3.118824e-14 0 
  3.122160e-14 0 
  3.125496e-14 0 
  3.128831e-14 0 
  3.132167e-14 0 
  3.135502e-14 0 
  3.138838e-14 0 
  3.142174e-14 0 
  3.145509e-14 0 
  3.148845e-14 0 
  3.152181e-14 0 
  3.155516e-14 0 
  3.158852e-14 0 
  3.162188e-14 0 
  3.165523e-14 0 
  3.168859e-14 0 
  3.172195e-14 0 
  3.175530e-14 0 
  3.178866e-14 0 
  3.182201e-14 0 
  3.185537e-14 0 
  3.188873e-14 0 
  3.192208e-14 0 
  3.195544e-14 0 
  3.198880e-14 0 
  3.202215e-14 0 
  3.205551e-14 0 
  3.208887e-14 0 
  3.212222e-14 0 
  3.215558e-14 0 
  3.218894e-14 0 
  3.222229e-14 0 
  3.225565e-14 0 
  3.228900e-14 0 
  3.232236e-14 0 
  3.235572e-14 0 
  3.238907e-14 0 
  3.242243e-14 0 
  3.245579e-14 0 
  3.248914e-14 0 
  3.252250e-14 0 
  3.255586e-14 0 
  3.258921e-14 0 
  3.262257e-14 0 
  3.265592e-14 0 
  3.268928e-14 0 
  3.272264e-14 0 
  3.275599e-14 0 
  3.278935e-14 0 
  3.282271e-14 0 
  3.285606e-14 0 
  3.288942e-14 0 
  3.292278e-14 0 
  3.295613e-14 0 
  3.298949e-14 0 
  3.302285e-14 0 
  3.305620e-14 0 
  3.308956e-14 0 
  3.312291e-14 0 
  3.315627e-14 0 
  3.318963e-14 0 
  3.322298e-14 0 
  3.325634e-14 0 
  3.328970e-14 0 
  3.332305e-14 0 
  3.335641e-14 0 
  3.338977e-14 0 
  3.342312e-14 0 
  3.345648e-14 0 
  3.348984e-14 0 
  3.352319e-14 0 
  3.355655e-14 0 
  3.358990e-14 0 
  3.362326e-14 0 
  3.365662e-14 0 
  3.368997e-14 0 
  3.372333e-14 0 
  3.375669e-14 0 
  3.379004e-14 0 
  3.382340e-14 0 
  3.385676e-14 0 
  3.389011e-14 0 
  3.392347e-14 0 
  3.395682e-14 0 
  3.399018e-14 0 
  3.402354e-14 0 
  3.405689e-14 0 
  3.409025e-14 0 
  3.412361e-14 0 
  3.415696e-14 0 
  3.419032e-14 0 
  3.422368e-14 0 
  3.425703e-14 0 
  3.429039e-14 0 
  3.432375e-14 0 
  3.435710e-14 0 
  3.439046e-14 0 
  3.442381e-14 0 
  3.445717e-14 0 
  3.449053e-14 0 
  3.452388e-14 0 
  3.455724e-14 0 
  3.459060e-14 0 
  3.462395e-14 0 
  3.465731e-14 0 
  3.469067e-14 0 
  3.472402e-14 0 
  3.475738e-14 0 
  3.479074e-14 0 
  3.482409e-14 0 
  3.485745e-14 0 
  3.489080e-14 0 
  3.492416e-14 0 
  3.495752e-14 0 
  3.499087e-14 0 
  3.502423e-14 0 
  3.505759e-14 0 
  3.509094e-14 0 
  3.512430e-14 0 
  3.515766e-14 0 
  3.519101e-14 0 
  3.522437e-14 0 
  3.525772e-14 0 
  3.529108e-14 0 
  3.532444e-14 0 
  3.535779e-14 0 
  3.539115e-14 0 
  3.542451e-14 0 
  3.545786e-14 0 
  3.549122e-14 -1.948077e-06 
  3.552458e-14 -1.928495e-06 
  3.555793e-14 -1.900122e-06 
  3.559129e-14 -1.862972e-06 
  3.562465e-14 -1.817128e-06 
  3.565800e-14 -1.762746e-06 
  3.569136e-14 -1.700070e-06 
  3.572471e-14 -1.629424e-06 
  3.575807e-14 -1.551214e-06 
  3.579143e-14 -1.465913e-06 
  3.582478e-14 -1.374052e-06 
  3.585814e-14 -1.276219e-06 
  3.589150e-14 -1.173050e-06 
  3.592485e-14 -1.065230e-06 
  3.595821e-14 -9.534824e-07 
  3.599157e-14 -8.385613e-07 
  3.602492e-14 -7.212430e-07 
  3.605828e-14 -6.023203e-07 
  3.609164e-14 -4.825989e-07 
  3.612499e-14 -3.628936e-07 
  3.615835e-14 -2.440210e-07 
  3.619170e-14 -1.267889e-07 
  3.622506e-14 -1.198600e-08 
  3.625842e-14 9.962670e-08 
  3.629177e-14 2.073225e-07 
  3.632513e-14 3.104147e-07 
  3.635849e-14 4.082634e-07 
  3.639184e-14 5.002830e-07 
  3.642520e-14 5.859487e-07 
  3.645856e-14 6.647993e-07 
  3.649191e-14 7.364382e-07 
  3.652527e-14 8.005329e-07 
  3.655862e-14 8.568159e-07 
  3.659198e-14 9.050869e-07 
  3.662534e-14 9.452148e-07 
  3.665869e-14 9.771392e-07 
  3.669205e-14 1.000869e-06 
  3.672541e-14 1.016484e-06 
  3.675876e-14 1.024129e-06 
  3.679212e-14 1.024018e-06 
  3.682548e-14 1.016431e-06 
  3.685883e-14 1.001706e-06 
  3.689219e-14 9.802377e-07 
  3.692555e-14 9.524640e-07 
  3.695890e-14 9.188643e-07 
  3.699226e-14 8.799516e-07 
  3.702561e-14 8.362680e-07 
  3.705897e-14 7.883789e-07 
  3.709233e-14 7.368671e-07 
  3.712568e-14 6.823269e-07 
  3.715904e-14 6.253585e-07 
  3.719240e-14 5.665630e-07 
  3.722575e-14 5.065371e-07 
  3.725911e-14 4.458666e-07 
  3.729247e-14 3.851193e-07 
  3.732582e-14 3.248385e-07 
  3.735918e-14 2.655372e-07 
  3.739254e-14 2.076942e-07 
  3.742589e-14 1.517502e-07 
  3.745925e-14 9.810443e-08 
  3.749260e-14 4.711172e-08 
  3.752596e-14 -9.201392e-10 
  3.755932e-14 -4.573168e-08 
  3.759267e-14 -8.711224e-08 
  3.762603e-14 -1.249000e-07 
  3.765939e-14 -1.589822e-07 
  3.769274e-14 -1.892949e-07 
  3.772610e-14 -2.158221e-07 
  3.775946e-14 -2.385948e-07 
  3.779281e-14 -2.576879e-07 
  3.782617e-14 -2.732180e-07 
  3.785952e-14 -2.853411e-07 
  3.789288e-14 -2.942491e-07 
  3.792624e-14 -3.001667e-07 
  3.795959e-14 -3.033469e-07 
  3.799295e-14 -3.040662e-07 
  3.802631e-14 -3.026189e-07 
  3.805966e-14 -2.993131e-07 
  3.809302e-14 -2.944654e-07 
  3.812638e-14 -2.883966e-07 
  3.815973e-14 -2.814278e-07 
  3.819309e-14 -2.738756e-07 
  3.822645e-14 -2.660483e-07 
  3.825980e-14 -2.582419e-07 
  3.829316e-14 -2.507369e-07 
  3.832651e-14 -2.437947e-07 
  3.835987e-14 -2.376539e-07 
  3.839323e-14 -2.325268e-07 
  3.842658e-14 -2.285971e-07 
  3.845994e-14 -2.260173e-07 
  3.849330e-14 -2.249082e-07 
  3.852665e-14 -2.253581e-07 
  3.856001e-14 -2.274229e-07 
  3.859337e-14 -2.311258e-07 
  3.862672e-14 -2.364580e-07 
  3.866008e-14 -2.433791e-07 
  3.869344e-14 -2.518187e-07 
  3.872679e-14 -2.616776e-07 
  3.876015e-14 -2.728301e-07 
  3.879350e-14 -2.851258e-07 
  3.882686e-14 -2.983919e-07 
  3.886022e-14 -3.124357e-07 
  3.889357e-14 -3.270484e-07 
  3.892693e-14 -3.420082e-07 
  3.896029e-14 -3.570846e-07 
  3.899364e-14 -3.720413e-07 
  3.902700e-14 -3.866403e-07 
  3.906036e-14 -4.006449e-07 
  3.909371e-14 -4.138241e-07 
  3.912707e-14 -4.259556e-07 
  3.916042e-14 -4.368294e-07 
  3.919378e-14 -4.462501e-07 
  3.922714e-14 -4.540391e-07 
  3.926049e-14 -4.600365e-07 
  3.929385e-14 -4.641028e-07 
  3.932721e-14 -4.661219e-07 
  3.936056e-14 -4.660027e-07 
  3.939392e-14 -4.636813e-07 
  3.942728e-14 -4.591212e-07 
  3.946063e-14 -4.523145e-07 
  3.949399e-14 -4.432822e-07 
  3.952735e-14 -4.320739e-07 
  3.956070e-14 -4.187670e-07 
  3.959406e-14 -4.034656e-07 
  3.962741e-14 -3.862977e-07 
  3.966077e-14 -3.674132e-07 
  3.969413e-14 -3.469822e-07 
  3.972748e-14 -3.251932e-07 
  3.976084e-14 -3.022512e-07 
  3.979420e-14 -2.783754e-07 
  3.982755e-14 -2.537965e-07 
  3.986091e-14 -2.287530e-07 
  3.989427e-14 -2.034893e-07 
  3.992762e-14 -1.782523e-07 
  3.996098e-14 -1.532888e-07 
  3.999434e-14 -1.288425e-07 
  4.002769e-14 -1.051499e-07 
  4.006105e-14 -8.243796e-08 
  4.009440e-14 -6.092055e-08 
  4.012776e-14 -4.079681e-08 
  4.016112e-14 -2.224886e-08 
  4.019447e-14 -5.439704e-09 
  4.022783e-14 9.488814e-09 
  4.026119e-14 2.241754e-08 
  4.029454e-14 3.325090e-08 
  4.032790e-14 4.191719e-08 
  4.036126e-14 4.836889e-08 
  4.039461e-14 5.258300e-08 
  4.042797e-14 5.456141e-08 
  4.046132e-14 5.433091e-08 
  4.049468e-14 5.194254e-08 
  4.052804e-14 4.747033e-08 
  4.056139e-14 4.100993e-08 
  4.059475e-14 3.267709e-08 
  4.062811e-14 2.260603e-08 
  4.066146e-14 1.094753e-08 
  4.069482e-14 -2.133507e-09 
  4.072818e-14 -1.646059e-08 
  4.076153e-14 -3.184817e-08 
  4.079489e-14 -4.810388e-08 
  4.082825e-14 -6.503072e-08 
  4.086160e-14 -8.242947e-08 
  4.089496e-14 -1.001013e-07 
  4.092831e-14 -1.178504e-07 
  4.096167e-14 -1.354866e-07 
  4.099503e-14 -1.528278e-07 
  4.102838e-14 -1.697013e-07 
  4.106174e-14 -1.859465e-07 
  4.109510e-14 -2.014162e-07 
  4.112845e-14 -2.159791e-07 
  4.116181e-14 -2.295204e-07 
  4.119517e-14 -2.419435e-07 
  4.122852e-14 -2.531703e-07 
  4.126188e-14 -2.631419e-07 
  4.129523e-14 -2.718189e-07 
  4.132859e-14 -2.791813e-07 
  4.136195e-14 -2.852284e-07 
  4.139530e-14 -2.899781e-07 
  4.142866e-14 -2.934660e-07 
  4.146202e-14 -2.957445e-07 
  4.149537e-14 -2.968821e-07 
  4.152873e-14 -2.969620e-07 
  4.156209e-14 -2.960806e-07 
  4.159544e-14 -2.943458e-07 
  4.162880e-14 -2.918748e-07 
  4.166216e-14 -2.887922e-07 
  4.169551e-14 -2.852276e-07 
  4.172887e-14 -2.813136e-07 
  4.176222e-14 -2.771838e-07 
  4.179558e-14 -2.729705e-07 
  4.182894e-14 -2.688031e-07 
  4.186229e-14 -2.648060e-07 
  4.189565e-14 -2.610973e-07 
  4.192901e-14 -2.577870e-07 
  4.196236e-14 -2.549754e-07 
  4.199572e-14 -2.527517e-07 
  4.202908e-14 -2.511924e-07 
  4.206243e-14 -2.503598e-07 
  4.209579e-14 -2.503018e-07 
  4.212915e-14 -2.510508e-07 
  4.216250e-14 -2.526232e-07 
  4.219586e-14 -2.550199e-07 
  4.222921e-14 -2.582256e-07 
  4.226257e-14 -2.622099e-07 
  4.229593e-14 -2.669270e-07 
  4.232928e-14 -2.723177e-07 
  4.236264e-14 -2.783093e-07 
  4.239600e-14 -2.848179e-07 
  4.242935e-14 -2.917488e-07 
  4.246271e-14 -2.989981e-07 
  4.249607e-14 -3.064543e-07 
  4.252942e-14 -3.140001e-07 
  4.256278e-14 -3.215135e-07 
  4.259613e-14 -3.288704e-07 
  4.262949e-14 -3.359455e-07 
  4.266285e-14 -3.426146e-07 
  4.269620e-14 -3.487560e-07 
  4.272956e-14 -3.542532e-07 
  4.276292e-14 -3.589961e-07 
  4.279627e-14 -3.628832e-07 
  4.282963e-14 -3.658227e-07 
  4.286299e-14 -3.677339e-07 
  4.289634e-14 -3.685481e-07 
  4.292970e-14 -3.682097e-07 
  4.296306e-14 -3.666773e-07 
  4.299641e-14 -3.639243e-07 
  4.302977e-14 -3.599394e-07 
  4.306312e-14 -3.547264e-07 
  4.309648e-14 -3.483045e-07 
  4.312984e-14 -3.407083e-07 
  4.316319e-14 -3.319875e-07 
  4.319655e-14 -3.222064e-07 
  4.322991e-14 -3.114429e-07 
  4.326326e-14 -2.997875e-07 
  4.329662e-14 -2.873419e-07 
  4.332998e-14 -2.742180e-07 
  4.336333e-14 -2.605368e-07 
  4.339669e-14 -2.464269e-07 
  4.343005e-14 -2.320226e-07 
  4.346340e-14 -2.174623e-07 
  4.349676e-14 -2.028862e-07 
  4.353011e-14 -1.884355e-07 
  4.356347e-14 -1.742498e-07 
  4.359683e-14 -1.604666e-07 
  4.363018e-14 -1.472185e-07 
  4.366354e-14 -1.346318e-07 
  4.369690e-14 -1.228251e-07 
  4.373025e-14 -1.119077e-07 
  4.376361e-14 -1.019786e-07 
  4.379697e-14 -9.312551e-08 
  4.383032e-14 -8.542361e-08 
  4.386368e-14 -7.893452e-08 
  4.389703e-14 -7.370573e-08 
  4.393039e-14 -6.977034e-08 
  4.396375e-14 -6.714703e-08 
  4.399710e-14 -6.583994e-08 
  4.403046e-14 -6.583863e-08 
  4.406382e-14 -6.711806e-08 
  4.409717e-14 -6.963904e-08 
  4.413053e-14 -7.334893e-08 
  4.416389e-14 -7.818258e-08 
  4.419724e-14 -8.406335e-08 
  4.423060e-14 -9.090412e-08 
  4.426396e-14 -9.860855e-08 
  4.429731e-14 -1.070725e-07 
  4.433067e-14 -1.161856e-07 
  4.436402e-14 -1.258330e-07 
  4.439738e-14 -1.358971e-07 
  4.443074e-14 -1.462581e-07 
  4.446409e-14 -1.567965e-07 
  4.449745e-14 -1.673936e-07 
  4.453081e-14 -1.779336e-07 
  4.456416e-14 -1.883046e-07 
  4.459752e-14 -1.984007e-07 
  4.463088e-14 -2.081223e-07 
  4.466423e-14 -2.173782e-07 
  4.469759e-14 -2.260859e-07 
  4.473095e-14 -2.341734e-07 
  4.476430e-14 -2.415795e-07 
  4.479766e-14 -2.482547e-07 
  4.483101e-14 -2.541612e-07 
  4.486437e-14 -2.592736e-07 
  4.489773e-14 -2.635782e-07 
  4.493108e-14 -2.670734e-07 
  4.496444e-14 -2.697694e-07 
  4.499780e-14 -2.716877e-07 
  4.503115e-14 -2.728601e-07 
  4.506451e-14 -2.733288e-07 
  4.509787e-14 -2.731451e-07 
  4.513122e-14 -2.723688e-07 
  4.516458e-14 -2.710670e-07 
  4.519793e-14 -2.693134e-07 
  4.523129e-14 -2.671863e-07 
  4.526465e-14 -2.647680e-07 
  4.529800e-14 -2.621427e-07 
  4.533136e-14 -2.593958e-07 
  4.536472e-14 -2.566119e-07 
  4.539807e-14 -2.538743e-07 
  4.543143e-14 -2.512626e-07 
  4.546479e-14 -2.488527e-07 
  4.549814e-14 -2.467147e-07 
  4.553150e-14 -2.449127e-07 
  4.556486e-14 -2.435032e-07 
  4.559821e-14 -2.425350e-07 
  4.563157e-14 -2.420477e-07 
  4.566492e-14 -2.420716e-07 
  4.569828e-14 -2.426270e-07 
  4.573164e-14 -2.437241e-07 
  4.576499e-14 -2.453629e-07 
  4.579835e-14 -2.475330e-07 
  4.583171e-14 -2.502139e-07 
  4.586506e-14 -2.533754e-07 
  4.589842e-14 -2.569775e-07 
  4.593178e-14 -2.609719e-07 
  4.596513e-14 -2.653020e-07 
  4.599849e-14 -2.699043e-07 
  4.603185e-14 -2.747092e-07 
  4.606520e-14 -2.796417e-07 
  4.609856e-14 -2.846230e-07 
  4.613191e-14 -2.895709e-07 
  4.616527e-14 -2.944015e-07 
  4.619863e-14 -2.990307e-07 
  4.623198e-14 -3.033746e-07 
  4.626534e-14 -3.073515e-07 
  4.629870e-14 -3.108828e-07 
  4.633205e-14 -3.138943e-07 
  4.636541e-14 -3.163176e-07 
  4.639877e-14 -3.180909e-07 
  4.643212e-14 -3.191602e-07 
  4.646548e-14 -3.194796e-07 
  4.649883e-14 -3.190123e-07 
  4.653219e-14 -3.177305e-07 
  4.656555e-14 -3.156167e-07 
  4.659890e-14 -3.126636e-07 
  4.663226e-14 -3.088746e-07 
  4.666562e-14 -3.042633e-07 
  4.669897e-14 -2.988538e-07 
  4.673233e-14 -2.926805e-07 
  4.676569e-14 -2.857877e-07 
  4.679904e-14 -2.782293e-07 
  4.683240e-14 -2.700684e-07 
  4.686576e-14 -2.613759e-07 
  4.689911e-14 -2.522298e-07 
  4.693247e-14 -2.427142e-07 
  4.696582e-14 -2.329184e-07 
  4.699918e-14 -2.229353e-07 
  4.703254e-14 -2.128611e-07 
  4.706589e-14 -2.027928e-07 
  4.709925e-14 -1.928279e-07 
  4.713261e-14 -1.830625e-07 
  4.716596e-14 -1.735913e-07 
  4.719932e-14 -1.645057e-07 
  4.723268e-14 -1.558934e-07 
  4.726603e-14 -1.478367e-07 
  4.729939e-14 -1.404116e-07 
  4.733275e-14 -1.336867e-07 
  4.736610e-14 -1.277228e-07 
  4.739946e-14 -1.225715e-07 
  4.743281e-14 -1.182754e-07 
  4.746617e-14 -1.148667e-07 
  4.749953e-14 -1.123673e-07 
  4.753288e-14 -1.107886e-07 
  4.756624e-14 -1.101317e-07 
  4.759960e-14 -1.103876e-07 
  4.763295e-14 -1.115373e-07 
  4.766631e-14 -1.135525e-07 
  4.769967e-14 -1.163951e-07 
  4.773302e-14 -1.200186e-07 
  4.776638e-14 -1.243687e-07 
  4.779973e-14 -1.293836e-07 
  4.783309e-14 -1.349953e-07 
  4.786645e-14 -1.411301e-07 
  4.789980e-14 -1.477097e-07 
  4.793316e-14 -1.546523e-07 
  4.796652e-14 -1.618739e-07 
  4.799987e-14 -1.692893e-07 
  4.803323e-14 -1.768135e-07 
  4.806659e-14 -1.843626e-07 
  4.809994e-14 -1.918549e-07 
  4.813330e-14 -1.992116e-07 
  4.816666e-14 -2.063585e-07 
  4.820001e-14 -2.132261e-07 
  4.823337e-14 -2.197507e-07 
  4.826672e-14 -2.258752e-07 
  4.830008e-14 -2.315496e-07 
  4.833344e-14 -2.367312e-07 
  4.836679e-14 -2.413861e-07 
  4.840015e-14 -2.454884e-07 
  4.843351e-14 -2.490211e-07 
  4.846686e-14 -2.519758e-07 
  4.850022e-14 -2.543526e-07 
  4.853358e-14 -2.561602e-07 
  4.856693e-14 -2.574152e-07 
  4.860029e-14 -2.581420e-07 
  4.863365e-14 -2.583722e-07 
  4.866700e-14 -2.581441e-07 
  4.870036e-14 -2.575014e-07 
  4.873371e-14 -2.564935e-07 
  4.876707e-14 -2.551737e-07 
  4.880043e-14 -2.535988e-07 
  4.883378e-14 -2.518278e-07 
  4.886714e-14 -2.499215e-07 
  4.890050e-14 -2.479409e-07 
  4.893385e-14 -2.459468e-07 
  4.896721e-14 -2.439985e-07 
  4.900057e-14 -2.421532e-07 
  4.903392e-14 -2.404648e-07 
  4.906728e-14 -2.389833e-07 
  4.910063e-14 -2.377540e-07 
  4.913399e-14 -2.368165e-07 
  4.916735e-14 -2.362047e-07 
  4.920070e-14 -2.359457e-07 
  4.923406e-14 -2.360598e-07 
  4.926742e-14 -2.365601e-07 
  4.930077e-14 -2.374522e-07 
  4.933413e-14 -2.387343e-07 
  4.936749e-14 -2.403973e-07 
  4.940084e-14 -2.424246e-07 
  4.943420e-14 -2.447925e-07 
  4.946756e-14 -2.474708e-07 
  4.950091e-14 -2.504226e-07 
  4.953427e-14 -2.536056e-07 
  4.956762e-14 -2.569721e-07 
  4.960098e-14 -2.604703e-07 
  4.963434e-14 -2.640445e-07 
  4.966769e-14 -2.676364e-07 
  4.970105e-14 -2.711855e-07 
  4.973441e-14 -2.746302e-07 
  4.976776e-14 -2.779088e-07 
  4.980112e-14 -2.809603e-07 
  4.983448e-14 -2.837253e-07 
  4.986783e-14 -2.861471e-07 
  4.990119e-14 -2.881722e-07 
  4.993455e-14 -2.897513e-07 
  4.996790e-14 -2.908399e-07 
  5.000126e-14 -2.913994e-07 
  5.003461e-14 -2.913970e-07 
  5.006797e-14 -2.908070e-07 
  5.010133e-14 -2.896104e-07 
  5.013468e-14 -2.877957e-07 
  5.016804e-14 -2.853592e-07 
  5.020140e-14 -2.823051e-07 
  5.023475e-14 -2.786456e-07 
  5.026811e-14 -2.744009e-07 
  5.030147e-14 -2.695985e-07 
  5.033482e-14 -2.642732e-07 
  5.036818e-14 -2.584667e-07 
  5.040153e-14 -2.522272e-07 
  5.043489e-14 -2.456088e-07 
  5.046825e-14 -2.386706e-07 
  5.050160e-14 -2.314762e-07 
  5.053496e-14 -2.240928e-07 
  5.056832e-14 -2.165903e-07 
  5.060167e-14 -2.090407e-07 
  5.063503e-14 -2.015172e-07 
  5.066839e-14 -1.940933e-07 
  5.070174e-14 -1.868415e-07 
  5.073510e-14 -1.798327e-07 
  5.076846e-14 -1.731353e-07 
  5.080181e-14 -1.668147e-07 
  5.083517e-14 -1.609320e-07 
  5.086852e-14 -1.555435e-07 
  5.090188e-14 -1.506996e-07 
  5.093524e-14 -1.464445e-07 
  5.096859e-14 -1.428152e-07 
  5.100195e-14 -1.398419e-07 
  5.103531e-14 -1.375470e-07 
  5.106866e-14 -1.359455e-07 
  5.110202e-14 -1.350442e-07 
  5.113538e-14 -1.348424e-07 
  5.116873e-14 -1.353315e-07 
  5.120209e-14 -1.364954e-07 
  5.123545e-14 -1.383107e-07 
  5.126880e-14 -1.407469e-07 
  5.130216e-14 -1.437668e-07 
  5.133551e-14 -1.473267e-07 
  5.136887e-14 -1.513775e-07 
  5.140223e-14 -1.558654e-07 
  5.143558e-14 -1.607324e-07 
  5.146894e-14 -1.659172e-07 
  5.150230e-14 -1.713561e-07 
  5.153565e-14 -1.769839e-07 
  5.156901e-14 -1.827347e-07 
  5.160237e-14 -1.885427e-07 
  5.163572e-14 -1.943436e-07 
  5.166908e-14 -2.000745e-07 
  5.170243e-14 -2.056753e-07 
  5.173579e-14 -2.110892e-07 
  5.176915e-14 -2.162633e-07 
  5.180250e-14 -2.211492e-07 
  5.183586e-14 -2.257040e-07 
  5.186922e-14 -2.298902e-07 
  5.190257e-14 -2.336763e-07 
  5.193593e-14 -2.370377e-07 
  5.196929e-14 -2.399562e-07 
  5.200264e-14 -2.424208e-07 
  5.203600e-14 -2.444273e-07 
  5.206936e-14 -2.459784e-07 
  5.210271e-14 -2.470833e-07 
  5.213607e-14 -2.477577e-07 
  5.216942e-14 -2.480229e-07 
  5.220278e-14 -2.479061e-07 
  5.223614e-14 -2.474394e-07 
  5.226949e-14 -2.466594e-07 
  5.230285e-14 -2.456065e-07 
  5.233621e-14 -2.443245e-07 
  5.236956e-14 -2.428599e-07 
  5.240292e-14 -2.412607e-07 
  5.243628e-14 -2.395761e-07 
  5.246963e-14 -2.378555e-07 
  5.250299e-14 -2.361477e-07 
  5.253634e-14 -2.345001e-07 
  5.256970e-14 -2.329582e-07 
  5.260306e-14 -2.315645e-07 
  5.263641e-14 -2.303582e-07 
  5.266977e-14 -2.293745e-07 
  5.270313e-14 -2.286439e-07 
  5.273648e-14 -2.281920e-07 
  5.276984e-14 -2.280389e-07 
  5.280320e-14 -2.281991e-07 
  5.283655e-14 -2.286810e-07 
  5.286991e-14 -2.294869e-07 
  5.290327e-14 -2.306134e-07 
  5.293662e-14 -2.320505e-07 
  5.296998e-14 -2.337826e-07 
  5.300333e-14 -2.357882e-07 
  5.303669e-14 -2.380405e-07 
  5.307005e-14 -2.405076e-07 
  5.310340e-14 -2.431531e-07 
  5.313676e-14 -2.459365e-07 
  5.317012e-14 -2.488141e-07 
  5.320347e-14 -2.517391e-07 
  5.323683e-14 -2.546629e-07 
  5.327019e-14 -2.575357e-07 
  5.330354e-14 -2.603067e-07 
  5.333690e-14 -2.629256e-07 
  5.337026e-14 -2.653425e-07 
  5.340361e-14 -2.675094e-07 
  5.343697e-14 -2.693806e-07 
  5.347032e-14 -2.709134e-07 
  5.350368e-14 -2.720690e-07 
  5.353704e-14 -2.728126e-07 
  5.357039e-14 -2.731145e-07 
  5.360375e-14 -2.729503e-07 
  5.363711e-14 -2.723017e-07 
  5.367046e-14 -2.711561e-07 
  5.370382e-14 -2.695073e-07 
  5.373718e-14 -2.673555e-07 
  5.377053e-14 -2.647072e-07 
  5.380389e-14 -2.615756e-07 
  5.383724e-14 -2.579802e-07 
  5.387060e-14 -2.539468e-07 
  5.390396e-14 -2.495070e-07 
  5.393731e-14 -2.446978e-07 
  5.397067e-14 -2.395613e-07 
  5.400403e-14 -2.341442e-07 
  5.403738e-14 -2.284973e-07 
  5.407074e-14 -2.226747e-07 
  5.410410e-14 -2.167331e-07 
  5.413745e-14 -2.107308e-07 
  5.417081e-14 -2.047277e-07 
  5.420417e-14 -1.987839e-07 
  5.423752e-14 -1.929592e-07 
  5.427088e-14 -1.873125e-07 
  5.430423e-14 -1.819006e-07 
  5.433759e-14 -1.767779e-07 
  5.437095e-14 -1.719950e-07 
  5.440430e-14 -1.675993e-07 
  5.443766e-14 -1.636332e-07 
  5.447102e-14 -1.601343e-07 
  5.450437e-14 -1.571347e-07 
  5.453773e-14 -1.546605e-07 
  5.457109e-14 -1.527313e-07 
  5.460444e-14 -1.513607e-07 
  5.463780e-14 -1.505556e-07 
  5.467116e-14 -1.503165e-07 
  5.470451e-14 -1.506371e-07 
  5.473787e-14 -1.515048e-07 
  5.477122e-14 -1.529008e-07 
  5.480458e-14 -1.548002e-07 
  5.483794e-14 -1.571727e-07 
  5.487129e-14 -1.599831e-07 
  5.490465e-14 -1.631911e-07 
  5.493801e-14 -1.667525e-07 
  5.497136e-14 -1.706196e-07 
  5.500472e-14 -1.747422e-07 
  5.503808e-14 -1.790677e-07 
  5.507143e-14 -1.835425e-07 
  5.510479e-14 -1.881123e-07 
  5.513814e-14 -1.927228e-07 
  5.517150e-14 -1.973206e-07 
  5.520486e-14 -2.018536e-07 
  5.523821e-14 -2.062720e-07 
  5.527157e-14 -2.105291e-07 
  5.530493e-14 -2.145809e-07 
  5.533828e-14 -2.183880e-07 
  5.537164e-14 -2.219150e-07 
  5.540500e-14 -2.251314e-07 
  5.543835e-14 -2.280122e-07 
  5.547171e-14 -2.305376e-07 
  5.550507e-14 -2.326936e-07 
  5.553842e-14 -2.344718e-07 
  5.557178e-14 -2.358698e-07 
  5.560513e-14 -2.368908e-07 
  5.563849e-14 -2.375435e-07 
  5.567185e-14 -2.378420e-07 
  5.570520e-14 -2.378054e-07 
  5.573856e-14 -2.374574e-07 
  5.577192e-14 -2.368259e-07 
  5.580527e-14 -2.359428e-07 
  5.583863e-14 -2.348428e-07 
  5.587199e-14 -2.335636e-07 
  5.590534e-14 -2.321448e-07 
  5.593870e-14 -2.306275e-07 
  5.597206e-14 -2.290534e-07 
  5.600541e-14 -2.274646e-07 
  5.603877e-14 -2.259023e-07 
  5.607212e-14 -2.244067e-07 
  5.610548e-14 -2.230160e-07 
  5.613884e-14 -2.217660e-07 
  5.617219e-14 -2.206896e-07 
  5.620555e-14 -2.198160e-07 
  5.623891e-14 -2.191705e-07 
  5.627226e-14 -2.187742e-07 
  5.630562e-14 -2.186435e-07 
  5.633898e-14 -2.187899e-07 
  5.637233e-14 -2.192199e-07 
  5.640569e-14 -2.199350e-07 
  5.643904e-14 -2.209313e-07 
  5.647240e-14 -2.221997e-07 
  5.650576e-14 -2.237264e-07 
  5.653911e-14 -2.254924e-07 
  5.657247e-14 -2.274743e-07 
  5.660583e-14 -2.296445e-07 
  5.663918e-14 -2.319714e-07 
  5.667254e-14 -2.344204e-07 
  5.670590e-14 -2.369538e-07 
  5.673925e-14 -2.395320e-07 
  5.677261e-14 -2.421135e-07 
  5.680597e-14 -2.446557e-07 
  5.683932e-14 -2.471157e-07 
  5.687268e-14 -2.494509e-07 
  5.690603e-14 -2.516192e-07 
  5.693939e-14 -2.535803e-07 
  5.697275e-14 -2.552956e-07 
  5.700610e-14 -2.567291e-07 
  5.703946e-14 -2.578482e-07 
  5.707282e-14 -2.586239e-07 
  5.710617e-14 -2.590313e-07 
  5.713953e-14 -2.590499e-07 
  5.717289e-14 -2.586641e-07 
  5.720624e-14 -2.578635e-07 
  5.723960e-14 -2.566430e-07 
  5.727296e-14 -2.550029e-07 
  5.730631e-14 -2.529488e-07 
  5.733967e-14 -2.504918e-07 
  5.737302e-14 -2.476481e-07 
  5.740638e-14 -2.444389e-07 
  5.743974e-14 -2.408906e-07 
  5.747309e-14 -2.370338e-07 
  5.750645e-14 -2.329036e-07 
  5.753981e-14 -2.285386e-07 
  5.757316e-14 -2.239806e-07 
  5.760652e-14 -2.192743e-07 
  5.763988e-14 -2.144664e-07 
  5.767323e-14 -2.096053e-07 
  5.770659e-14 -2.047401e-07 
  5.773994e-14 -1.999203e-07 
  5.777330e-14 -1.951947e-07 
  5.780666e-14 -1.906112e-07 
  5.784001e-14 -1.862162e-07 
  5.787337e-14 -1.820542e-07 
  5.790673e-14 -1.781665e-07 
  5.794008e-14 -1.745914e-07 
  5.797344e-14 -1.713634e-07 
  5.800680e-14 -1.685128e-07 
  5.804015e-14 -1.660656e-07 
  5.807351e-14 -1.640428e-07 
  5.810687e-14 -1.624604e-07 
  5.814022e-14 -1.613289e-07 
  5.817358e-14 -1.606537e-07 
  5.820693e-14 -1.604346e-07 
  5.824029e-14 -1.606661e-07 
  5.827365e-14 -1.613378e-07 
  5.830700e-14 -1.624339e-07 
  5.834036e-14 -1.639339e-07 
  5.837372e-14 -1.658129e-07 
  5.840707e-14 -1.680417e-07 
  5.844043e-14 -1.705876e-07 
  5.847379e-14 -1.734146e-07 
  5.850714e-14 -1.764844e-07 
  5.854050e-14 -1.797559e-07 
  5.857386e-14 -1.831868e-07 
  5.860721e-14 -1.867337e-07 
  5.864057e-14 -1.903528e-07 
  5.867392e-14 -1.940002e-07 
  5.870728e-14 -1.976329e-07 
  5.874064e-14 -2.012091e-07 
  5.877399e-14 -2.046888e-07 
  5.880735e-14 -2.080341e-07 
  5.884071e-14 -2.112104e-07 
  5.887406e-14 -2.141860e-07 
  5.890742e-14 -2.169330e-07 
  5.894078e-14 -2.194274e-07 
  5.897413e-14 -2.216494e-07 
  5.900749e-14 -2.235839e-07 
  5.904084e-14 -2.252198e-07 
  5.907420e-14 -2.265512e-07 
  5.910756e-14 -2.275764e-07 
  5.914091e-14 -2.282983e-07 
  5.917427e-14 -2.287245e-07 
  5.920763e-14 -2.288664e-07 
  5.924098e-14 -2.287398e-07 
  5.927434e-14 -2.283640e-07 
  5.930770e-14 -2.277619e-07 
  5.934105e-14 -2.269593e-07 
  5.937441e-14 -2.259846e-07 
  5.940777e-14 -2.248686e-07 
  5.944112e-14 -2.236434e-07 
  5.947448e-14 -2.223423e-07 
  5.950783e-14 -2.209989e-07 
  5.954119e-14 -2.196472e-07 
  5.957455e-14 -2.183204e-07 
  5.960790e-14 -2.170506e-07 
  5.964126e-14 -2.158687e-07 
  5.967462e-14 -2.148034e-07 
  5.970797e-14 -2.138810e-07 
  5.974133e-14 -2.131253e-07 
  5.977469e-14 -2.125568e-07 
  5.980804e-14 -2.121926e-07 
  5.984140e-14 -2.120459e-07 
  5.987476e-14 -2.121262e-07 
  5.990811e-14 -2.124389e-07 
  5.994147e-14 -2.129850e-07 
  5.997482e-14 -2.137618e-07 
  6.000818e-14 -2.147619e-07 
  6.004154e-14 -2.159744e-07 
  6.007489e-14 -2.173841e-07 
  6.010825e-14 -2.189725e-07 
  6.014161e-14 -2.207173e-07 
  6.017496e-14 -2.225935e-07 
  6.020832e-14 -2.245733e-07 
  6.024168e-14 -2.266265e-07 
  6.027503e-14 -2.287212e-07 
  6.030839e-14 -2.308241e-07 
  6.034174e-14 -2.329009e-07 
  6.037510e-14 -2.349169e-07 
  6.040846e-14 -2.368375e-07 
  6.044181e-14 -2.386285e-07 
  6.047517e-14 -2.402570e-07 
  6.050853e-14 -2.416915e-07 
  6.054188e-14 -2.429025e-07 
  6.057524e-14 -2.438631e-07 
  6.060860e-14 -2.445491e-07 
  6.064195e-14 -2.449395e-07 
  6.067531e-14 -2.450171e-07 
  6.070867e-14 -2.447684e-07 
  6.074202e-14 -2.441838e-07 
  6.077538e-14 -2.432579e-07 
  6.080873e-14 -2.419898e-07 
  6.084209e-14 -2.403826e-07 
  6.087545e-14 -2.384441e-07 
  6.090880e-14 -2.361861e-07 
  6.094216e-14 -2.336245e-07 
  6.097552e-14 -2.307793e-07 
  6.100887e-14 -2.276739e-07 
  6.104223e-14 -2.243355e-07 
  6.107559e-14 -2.207943e-07 
  6.110894e-14 -2.170833e-07 
  6.114230e-14 -2.132378e-07 
  6.117566e-14 -2.092949e-07 
  6.120901e-14 -2.052930e-07 
  6.124237e-14 -2.012715e-07 
  6.127572e-14 -1.972703e-07 
  6.130908e-14 -1.933291e-07 
  6.134244e-14 -1.894869e-07 
  6.137579e-14 -1.857818e-07 
  6.140915e-14 -1.822503e-07 
  6.144251e-14 -1.789268e-07 
  6.147586e-14 -1.758438e-07 
  6.150922e-14 -1.730305e-07 
  6.154258e-14 -1.705134e-07 
  6.157593e-14 -1.683150e-07 
  6.160929e-14 -1.664542e-07 
  6.164264e-14 -1.649461e-07 
  6.167600e-14 -1.638013e-07 
  6.170936e-14 -1.630265e-07 
  6.174271e-14 -1.626237e-07 
  6.177607e-14 -1.625907e-07 
  6.180943e-14 -1.629212e-07 
  6.184278e-14 -1.636049e-07 
  6.187614e-14 -1.646274e-07 
  6.190950e-14 -1.659708e-07 
  6.194285e-14 -1.676135e-07 
  6.197621e-14 -1.695308e-07 
  6.200957e-14 -1.716951e-07 
  6.204292e-14 -1.740763e-07 
  6.207628e-14 -1.766424e-07 
  6.210963e-14 -1.793598e-07 
  6.214299e-14 -1.821936e-07 
  6.217635e-14 -1.851083e-07 
  6.220970e-14 -1.880683e-07 
  6.224306e-14 -1.910382e-07 
  6.227642e-14 -1.939835e-07 
  6.230977e-14 -1.968706e-07 
  6.234313e-14 -1.996678e-07 
  6.237649e-14 -2.023450e-07 
  6.240984e-14 -2.048749e-07 
  6.244320e-14 -2.072325e-07 
  6.247656e-14 -2.093961e-07 
  6.250991e-14 -2.113471e-07 
  6.254327e-14 -2.130702e-07 
  6.257662e-14 -2.145538e-07 
  6.260998e-14 -2.157901e-07 
  6.264334e-14 -2.167750e-07 
  6.267669e-14 -2.175079e-07 
  6.271005e-14 -2.179923e-07 
  6.274341e-14 -2.182349e-07 
  6.277676e-14 -2.182462e-07 
  6.281012e-14 -2.180396e-07 
  6.284348e-14 -2.176316e-07 
  6.287683e-14 -2.170415e-07 
  6.291019e-14 -2.162907e-07 
  6.294354e-14 -2.154028e-07 
  6.297690e-14 -2.144031e-07 
  6.301026e-14 -2.133182e-07 
  6.304361e-14 -2.121752e-07 
  6.307697e-14 -2.110018e-07 
  6.311033e-14 -2.098258e-07 
  6.314368e-14 -2.086741e-07 
  6.317704e-14 -2.075731e-07 
  6.321040e-14 -2.065479e-07 
  6.324375e-14 -2.056218e-07 
  6.327711e-14 -2.048162e-07 
  6.331047e-14 -2.041503e-07 
  6.334382e-14 -2.036405e-07 
  6.337718e-14 -2.033006e-07 
  6.341053e-14 -2.031412e-07 
  6.344389e-14 -2.031695e-07 
  6.347725e-14 -2.033895e-07 
  6.351060e-14 -2.038019e-07 
  6.354396e-14 -2.044036e-07 
  6.357732e-14 -2.051886e-07 
  6.361067e-14 -2.061471e-07 
  6.364403e-14 -2.072665e-07 
  6.367739e-14 -2.085311e-07 
  6.371074e-14 -2.099224e-07 
  6.374410e-14 -2.114194e-07 
  6.377746e-14 -2.129990e-07 
  6.381081e-14 -2.146360e-07 
  6.384417e-14 -2.163039e-07 
  6.387752e-14 -2.179749e-07 
  6.391088e-14 -2.196204e-07 
  6.394424e-14 -2.212115e-07 
  6.397759e-14 -2.227195e-07 
  6.401095e-14 -2.241158e-07 
  6.404431e-14 -2.253731e-07 
  6.407766e-14 -2.264653e-07 
  6.411102e-14 -2.273680e-07 
  6.414438e-14 -2.280590e-07 
  6.417773e-14 -2.285182e-07 
  6.421109e-14 -2.287285e-07 
  6.424444e-14 -2.286755e-07 
  6.427780e-14 -2.283482e-07 
  6.431116e-14 -2.277388e-07 
  6.434451e-14 -2.268432e-07 
  6.437787e-14 -2.256605e-07 
  6.441123e-14 -2.241938e-07 
  6.444458e-14 -2.224497e-07 
  6.447794e-14 -2.204383e-07 
  6.451130e-14 -2.181735e-07 
  6.454465e-14 -2.156722e-07 
  6.457801e-14 -2.129548e-07 
  6.461137e-14 -2.100442e-07 
  6.464472e-14 -2.069661e-07 
  6.467808e-14 -2.037487e-07 
  6.471143e-14 -2.004218e-07 
  6.474479e-14 -1.970171e-07 
  6.477815e-14 -1.935672e-07 
  6.481150e-14 -1.901056e-07 
  6.484486e-14 -1.866662e-07 
  6.487822e-14 -1.832827e-07 
  6.491157e-14 -1.799886e-07 
  6.494493e-14 -1.768163e-07 
  6.497829e-14 -1.737970e-07 
  6.501164e-14 -1.709601e-07 
  6.504500e-14 -1.683329e-07 
  6.507835e-14 -1.659406e-07 
  6.511171e-14 -1.638054e-07 
  6.514507e-14 -1.619466e-07 
  6.517842e-14 -1.603801e-07 
  6.521178e-14 -1.591185e-07 
  6.524514e-14 -1.581707e-07 
  6.527849e-14 -1.575423e-07 
  6.531185e-14 -1.572350e-07 
  6.534521e-14 -1.572468e-07 
  6.537856e-14 -1.575720e-07 
  6.541192e-14 -1.582016e-07 
  6.544528e-14 -1.591230e-07 
  6.547863e-14 -1.603204e-07 
  6.551199e-14 -1.617749e-07 
  6.554534e-14 -1.634650e-07 
  6.557870e-14 -1.653665e-07 
  6.561206e-14 -1.674531e-07 
  6.564541e-14 -1.696968e-07 
  6.567877e-14 -1.720681e-07 
  6.571213e-14 -1.745368e-07 
  6.574548e-14 -1.770718e-07 
  6.577884e-14 -1.796421e-07 
  6.581220e-14 -1.822168e-07 
  6.584555e-14 -1.847657e-07 
  6.587891e-14 -1.872597e-07 
  6.591227e-14 -1.896708e-07 
  6.594562e-14 -1.919730e-07 
  6.597898e-14 -1.941421e-07 
  6.601233e-14 -1.961563e-07 
  6.604569e-14 -1.979965e-07 
  6.607905e-14 -1.996464e-07 
  6.611240e-14 -2.010926e-07 
  6.614576e-14 -2.023251e-07 
  6.617912e-14 -2.033370e-07 
  6.621247e-14 -2.041249e-07 
  6.624583e-14 -2.046886e-07 
  6.627919e-14 -2.050311e-07 
  6.631254e-14 -2.051587e-07 
  6.634590e-14 -2.050807e-07 
  6.637925e-14 -2.048091e-07 
  6.641261e-14 -2.043587e-07 
  6.644597e-14 -2.037465e-07 
  6.647932e-14 -2.029916e-07 
  6.651268e-14 -2.021151e-07 
  6.654604e-14 -2.011395e-07 
  6.657939e-14 -2.000884e-07 
  6.661275e-14 -1.989861e-07 
  6.664611e-14 -1.978576e-07 
  6.667946e-14 -1.967276e-07 
  6.671282e-14 -1.956203e-07 
  6.674618e-14 -1.945596e-07 
  6.677953e-14 -1.935678e-07 
  6.681289e-14 -1.926660e-07 
  6.684624e-14 -1.918736e-07 
  6.687960e-14 -1.912076e-07 
  6.691296e-14 -1.906830e-07 
  6.694631e-14 -1.903122e-07 
  6.697967e-14 -1.901048e-07 
  6.701303e-14 -1.900675e-07 
  6.704638e-14 -1.902043e-07 
  6.707974e-14 -1.905157e-07 
  6.711310e-14 -1.909994e-07 
  6.714645e-14 -1.916502e-07 
  6.717981e-14 -1.924596e-07 
  6.721317e-14 -1.934164e-07 
  6.724652e-14 -1.945069e-07 
  6.727988e-14 -1.957144e-07 
  6.731323e-14 -1.970205e-07 
  6.734659e-14 -1.984044e-07 
  6.737995e-14 -1.998437e-07 
  6.741330e-14 -2.013146e-07 
  6.744666e-14 -2.027923e-07 
  6.748002e-14 -2.042512e-07 
  6.751337e-14 -2.056653e-07 
  6.754673e-14 -2.070088e-07 
  6.758009e-14 -2.082562e-07 
  6.761344e-14 -2.093827e-07 
  6.764680e-14 -2.103648e-07 
  6.768015e-14 -2.111805e-07 
  6.771351e-14 -2.118097e-07 
  6.774687e-14 -2.122344e-07 
  6.778022e-14 -2.124389e-07 
  6.781358e-14 -2.124102e-07 
  6.784694e-14 -2.121381e-07 
  6.788029e-14 -2.116154e-07 
  6.791365e-14 -2.108382e-07 
  6.794701e-14 -2.098056e-07 
  6.798036e-14 -2.085201e-07 
  6.801372e-14 -2.069873e-07 
  6.804708e-14 -2.052164e-07 
  6.808043e-14 -2.032194e-07 
  6.811379e-14 -2.010118e-07 
  6.814714e-14 -1.986116e-07 
  6.818050e-14 -1.960394e-07 
  6.821386e-14 -1.933183e-07 
  6.824721e-14 -1.904733e-07 
  6.828057e-14 -1.875314e-07 
  6.831393e-14 -1.845208e-07 
  6.834728e-14 -1.814709e-07 
  6.838064e-14 -1.784119e-07 
  6.841400e-14 -1.753742e-07 
  6.844735e-14 -1.723882e-07 
  6.848071e-14 -1.694839e-07 
  6.851407e-14 -1.666905e-07 
  6.854742e-14 -1.640363e-07 
  6.858078e-14 -1.615477e-07 
  6.861413e-14 -1.592494e-07 
  6.864749e-14 -1.571638e-07 
  6.868085e-14 -1.553108e-07 
  6.871420e-14 -1.537080e-07 
  6.874756e-14 -1.523694e-07 
  6.878092e-14 -1.513063e-07 
  6.881427e-14 -1.505267e-07 
  6.884763e-14 -1.500351e-07 
  6.888099e-14 -1.498329e-07 
  6.891434e-14 -1.499180e-07 
  6.894770e-14 -1.502853e-07 
  6.898105e-14 -1.509261e-07 
  6.901441e-14 -1.518286e-07 
  6.904777e-14 -1.529782e-07 
  6.908112e-14 -1.543574e-07 
  6.911448e-14 -1.559461e-07 
  6.914784e-14 -1.577222e-07 
  6.918119e-14 -1.596614e-07 
  6.921455e-14 -1.617379e-07 
  6.924791e-14 -1.639247e-07 
  6.928126e-14 -1.661939e-07 
  6.931462e-14 -1.685173e-07 
  6.934798e-14 -1.708661e-07 
  6.938133e-14 -1.732122e-07 
  6.941469e-14 -1.755278e-07 
  6.944804e-14 -1.777859e-07 
  6.948140e-14 -1.799611e-07 
  6.951476e-14 -1.820295e-07 
  6.954811e-14 -1.839689e-07 
  6.958147e-14 -1.857596e-07 
  6.961483e-14 -1.873842e-07 
  6.964818e-14 -1.888279e-07 
  6.968154e-14 -1.900789e-07 
  6.971490e-14 -1.911282e-07 
  6.974825e-14 -1.919698e-07 
  6.978161e-14 -1.926011e-07 
  6.981497e-14 -1.930222e-07 
  6.984832e-14 -1.932363e-07 
  6.988168e-14 -1.932497e-07 
  6.991503e-14 -1.930712e-07 
  6.994839e-14 -1.927126e-07 
  6.998175e-14 -1.921877e-07 
  7.001510e-14 -1.915131e-07 
  7.004846e-14 -1.907070e-07 
  7.008182e-14 -1.897893e-07 
  7.011517e-14 -1.887815e-07 
  7.014853e-14 -1.877060e-07 
  7.018189e-14 -1.865859e-07 
  7.021524e-14 -1.854446e-07 
  7.024860e-14 -1.843057e-07 
  7.028195e-14 -1.831922e-07 
  7.031531e-14 -1.821262e-07 
  7.034867e-14 -1.811291e-07 
  7.038202e-14 -1.802208e-07 
  7.041538e-14 -1.794194e-07 
  7.044874e-14 -1.787414e-07 
  7.048209e-14 -1.782007e-07 
  7.051545e-14 -1.778091e-07 
  7.054881e-14 -1.775758e-07 
  7.058216e-14 -1.775073e-07 
  7.061552e-14 -1.776072e-07 
  7.064888e-14 -1.778764e-07 
  7.068223e-14 -1.783126e-07 
  7.071559e-14 -1.789108e-07 
  7.074894e-14 -1.796632e-07 
  7.078230e-14 -1.805591e-07 
  7.081566e-14 -1.815856e-07 
  7.084901e-14 -1.827271e-07 
  7.088237e-14 -1.839658e-07 
  7.091573e-14 -1.852824e-07 
  7.094908e-14 -1.866557e-07 
 