 0 0 
  3.335641e-17 0 
  6.671282e-17 0 
  1.000692e-16 0 
  1.334256e-16 0 
  1.667820e-16 0 
  2.001385e-16 0 
  2.334949e-16 0 
  2.668513e-16 0 
  3.002077e-16 0 
  3.335641e-16 0 
  3.669205e-16 0 
  4.002769e-16 0 
  4.336333e-16 0 
  4.669897e-16 0 
  5.003461e-16 0 
  5.337026e-16 0 
  5.670590e-16 0 
  6.004154e-16 0 
  6.337718e-16 0 
  6.671282e-16 0 
  7.004846e-16 0 
  7.338410e-16 0 
  7.671974e-16 0 
  8.005538e-16 0 
  8.339102e-16 0 
  8.672666e-16 0 
  9.006231e-16 0 
  9.339795e-16 0 
  9.673359e-16 0 
  1.000692e-15 0 
  1.034049e-15 0 
  1.067405e-15 0 
  1.100762e-15 0 
  1.134118e-15 0 
  1.167474e-15 0 
  1.200831e-15 0 
  1.234187e-15 0 
  1.267544e-15 0 
  1.300900e-15 0 
  1.334256e-15 0 
  1.367613e-15 0 
  1.400969e-15 0 
  1.434326e-15 0 
  1.467682e-15 0 
  1.501038e-15 0 
  1.534395e-15 0 
  1.567751e-15 0 
  1.601108e-15 0 
  1.634464e-15 0 
  1.667820e-15 0 
  1.701177e-15 0 
  1.734533e-15 0 
  1.767890e-15 0 
  1.801246e-15 0 
  1.834603e-15 0 
  1.867959e-15 0 
  1.901315e-15 0 
  1.934672e-15 0 
  1.968028e-15 0 
  2.001385e-15 0 
  2.034741e-15 0 
  2.068097e-15 0 
  2.101454e-15 0 
  2.134810e-15 0 
  2.168167e-15 0 
  2.201523e-15 0 
  2.234879e-15 0 
  2.268236e-15 0 
  2.301592e-15 0 
  2.334949e-15 0 
  2.368305e-15 0 
  2.401661e-15 0 
  2.435018e-15 0 
  2.468374e-15 0 
  2.501731e-15 0 
  2.535087e-15 0 
  2.568444e-15 0 
  2.601800e-15 0 
  2.635156e-15 0 
  2.668513e-15 0 
  2.701869e-15 0 
  2.735226e-15 0 
  2.768582e-15 0 
  2.801938e-15 0 
  2.835295e-15 0 
  2.868651e-15 0 
  2.902008e-15 0 
  2.935364e-15 0 
  2.968720e-15 0 
  3.002077e-15 0 
  3.035433e-15 0 
  3.068790e-15 0 
  3.102146e-15 0 
  3.135502e-15 0 
  3.168859e-15 0 
  3.202215e-15 0 
  3.235572e-15 0 
  3.268928e-15 0 
  3.302285e-15 0 
  3.335641e-15 0 
  3.368997e-15 0 
  3.402354e-15 0 
  3.435710e-15 0 
  3.469067e-15 0 
  3.502423e-15 0 
  3.535779e-15 0 
  3.569136e-15 0 
  3.602492e-15 0 
  3.635849e-15 0 
  3.669205e-15 0 
  3.702561e-15 0 
  3.735918e-15 0 
  3.769274e-15 0 
  3.802631e-15 0 
  3.835987e-15 0 
  3.869344e-15 0 
  3.902700e-15 0 
  3.936056e-15 0 
  3.969413e-15 0 
  4.002769e-15 0 
  4.036126e-15 0 
  4.069482e-15 0 
  4.102838e-15 0 
  4.136195e-15 0 
  4.169551e-15 0 
  4.202908e-15 0 
  4.236264e-15 0 
  4.269620e-15 0 
  4.302977e-15 0 
  4.336333e-15 0 
  4.369690e-15 0 
  4.403046e-15 0 
  4.436402e-15 0 
  4.469759e-15 0 
  4.503115e-15 0 
  4.536472e-15 0 
  4.569828e-15 0 
  4.603185e-15 0 
  4.636541e-15 0 
  4.669897e-15 0 
  4.703254e-15 0 
  4.736610e-15 0 
  4.769967e-15 0 
  4.803323e-15 0 
  4.836679e-15 0 
  4.870036e-15 0 
  4.903392e-15 0 
  4.936749e-15 0 
  4.970105e-15 0 
  5.003461e-15 0 
  5.036818e-15 0 
  5.070174e-15 0 
  5.103531e-15 0 
  5.136887e-15 0 
  5.170243e-15 0 
  5.203600e-15 0 
  5.236956e-15 0 
  5.270313e-15 0 
  5.303669e-15 0 
  5.337026e-15 0 
  5.370382e-15 0 
  5.403738e-15 0 
  5.437095e-15 0 
  5.470451e-15 0 
  5.503808e-15 0 
  5.537164e-15 0 
  5.570520e-15 0 
  5.603877e-15 0 
  5.637233e-15 0 
  5.670590e-15 0 
  5.703946e-15 0 
  5.737302e-15 0 
  5.770659e-15 0 
  5.804015e-15 0 
  5.837372e-15 0 
  5.870728e-15 0 
  5.904084e-15 0 
  5.937441e-15 0 
  5.970797e-15 0 
  6.004154e-15 0 
  6.037510e-15 0 
  6.070867e-15 0 
  6.104223e-15 0 
  6.137579e-15 0 
  6.170936e-15 0 
  6.204292e-15 0 
  6.237649e-15 0 
  6.271005e-15 0 
  6.304361e-15 0 
  6.337718e-15 0 
  6.371074e-15 0 
  6.404431e-15 0 
  6.437787e-15 0 
  6.471143e-15 0 
  6.504500e-15 0 
  6.537856e-15 0 
  6.571213e-15 0 
  6.604569e-15 0 
  6.637925e-15 0 
  6.671282e-15 0 
  6.704638e-15 0 
  6.737995e-15 0 
  6.771351e-15 0 
  6.804708e-15 0 
  6.838064e-15 0 
  6.871420e-15 0 
  6.904777e-15 0 
  6.938133e-15 0 
  6.971490e-15 0 
  7.004846e-15 0 
  7.038202e-15 0 
  7.071559e-15 0 
  7.104915e-15 0 
  7.138272e-15 0 
  7.171628e-15 0 
  7.204984e-15 0 
  7.238341e-15 0 
  7.271697e-15 0 
  7.305054e-15 0 
  7.338410e-15 0 
  7.371767e-15 0 
  7.405123e-15 0 
  7.438479e-15 0 
  7.471836e-15 0 
  7.505192e-15 0 
  7.538549e-15 0 
  7.571905e-15 0 
  7.605261e-15 0 
  7.638618e-15 0 
  7.671974e-15 0 
  7.705331e-15 0 
  7.738687e-15 0 
  7.772043e-15 0 
  7.805400e-15 0 
  7.838756e-15 0 
  7.872113e-15 0 
  7.905469e-15 0 
  7.938825e-15 0 
  7.972182e-15 0 
  8.005538e-15 0 
  8.038895e-15 0 
  8.072251e-15 0 
  8.105608e-15 0 
  8.138964e-15 0 
  8.172320e-15 0 
  8.205677e-15 0 
  8.239033e-15 0 
  8.272390e-15 0 
  8.305746e-15 0 
  8.339102e-15 0 
  8.372459e-15 0 
  8.405815e-15 0 
  8.439172e-15 0 
  8.472528e-15 0 
  8.505884e-15 0 
  8.539241e-15 0 
  8.572597e-15 0 
  8.605954e-15 0 
  8.639310e-15 0 
  8.672666e-15 0 
  8.706023e-15 0 
  8.739379e-15 0 
  8.772736e-15 0 
  8.806092e-15 0 
  8.839449e-15 0 
  8.872805e-15 0 
  8.906161e-15 0 
  8.939518e-15 0 
  8.972874e-15 0 
  9.006231e-15 0 
  9.039587e-15 0 
  9.072943e-15 0 
  9.106300e-15 0 
  9.139656e-15 0 
  9.173013e-15 0 
  9.206369e-15 0 
  9.239725e-15 0 
  9.273082e-15 0 
  9.306438e-15 0 
  9.339795e-15 0 
  9.373151e-15 0 
  9.406507e-15 0 
  9.439864e-15 0 
  9.473220e-15 0 
  9.506577e-15 0 
  9.539933e-15 0 
  9.573290e-15 0 
  9.606646e-15 0 
  9.640002e-15 0 
  9.673359e-15 0 
  9.706715e-15 0 
  9.740072e-15 0 
  9.773428e-15 0 
  9.806784e-15 0 
  9.840141e-15 0 
  9.873497e-15 0 
  9.906854e-15 0 
  9.940210e-15 0 
  9.973566e-15 0 
  1.000692e-14 0 
  1.004028e-14 0 
  1.007364e-14 0 
  1.010699e-14 0 
  1.014035e-14 0 
  1.017370e-14 0 
  1.020706e-14 0 
  1.024042e-14 0 
  1.027377e-14 0 
  1.030713e-14 0 
  1.034049e-14 0 
  1.037384e-14 0 
  1.040720e-14 0 
  1.044056e-14 0 
  1.047391e-14 0 
  1.050727e-14 0 
  1.054063e-14 0 
  1.057398e-14 0 
  1.060734e-14 0 
  1.064069e-14 0 
  1.067405e-14 0 
  1.070741e-14 0 
  1.074076e-14 0 
  1.077412e-14 0 
  1.080748e-14 0 
  1.084083e-14 0 
  1.087419e-14 0 
  1.090755e-14 0 
  1.094090e-14 0 
  1.097426e-14 0 
  1.100762e-14 0 
  1.104097e-14 0 
  1.107433e-14 0 
  1.110768e-14 0 
  1.114104e-14 0 
  1.117440e-14 0 
  1.120775e-14 0 
  1.124111e-14 0 
  1.127447e-14 0 
  1.130782e-14 0 
  1.134118e-14 0 
  1.137454e-14 0 
  1.140789e-14 0 
  1.144125e-14 0 
  1.147460e-14 0 
  1.150796e-14 0 
  1.154132e-14 0 
  1.157467e-14 0 
  1.160803e-14 0 
  1.164139e-14 0 
  1.167474e-14 0 
  1.170810e-14 0 
  1.174146e-14 0 
  1.177481e-14 0 
  1.180817e-14 0 
  1.184153e-14 0 
  1.187488e-14 0 
  1.190824e-14 0 
  1.194159e-14 0 
  1.197495e-14 0 
  1.200831e-14 0 
  1.204166e-14 0 
  1.207502e-14 0 
  1.210838e-14 0 
  1.214173e-14 0 
  1.217509e-14 0 
  1.220845e-14 0 
  1.224180e-14 0 
  1.227516e-14 0 
  1.230852e-14 0 
  1.234187e-14 0 
  1.237523e-14 0 
  1.240858e-14 0 
  1.244194e-14 0 
  1.247530e-14 0 
  1.250865e-14 0 
  1.254201e-14 0 
  1.257537e-14 0 
  1.260872e-14 0 
  1.264208e-14 0 
  1.267544e-14 0 
  1.270879e-14 0 
  1.274215e-14 0 
  1.277550e-14 0 
  1.280886e-14 0 
  1.284222e-14 0 
  1.287557e-14 0 
  1.290893e-14 0 
  1.294229e-14 0 
  1.297564e-14 0 
  1.300900e-14 0 
  1.304236e-14 0 
  1.307571e-14 0 
  1.310907e-14 0 
  1.314243e-14 0 
  1.317578e-14 0 
  1.320914e-14 0 
  1.324249e-14 0 
  1.327585e-14 0 
  1.330921e-14 0 
  1.334256e-14 0 
  1.337592e-14 0 
  1.340928e-14 0 
  1.344263e-14 0 
  1.347599e-14 0 
  1.350935e-14 0 
  1.354270e-14 0 
  1.357606e-14 0 
  1.360942e-14 0 
  1.364277e-14 0 
  1.367613e-14 0 
  1.370948e-14 0 
  1.374284e-14 0 
  1.377620e-14 0 
  1.380955e-14 0 
  1.384291e-14 0 
  1.387627e-14 0 
  1.390962e-14 0 
  1.394298e-14 0 
  1.397634e-14 0 
  1.400969e-14 0 
  1.404305e-14 0 
  1.407640e-14 0 
  1.410976e-14 0 
  1.414312e-14 0 
  1.417647e-14 0 
  1.420983e-14 0 
  1.424319e-14 0 
  1.427654e-14 0 
  1.430990e-14 0 
  1.434326e-14 0 
  1.437661e-14 0 
  1.440997e-14 0 
  1.444333e-14 0 
  1.447668e-14 0 
  1.451004e-14 0 
  1.454339e-14 0 
  1.457675e-14 0 
  1.461011e-14 0 
  1.464346e-14 0 
  1.467682e-14 0 
  1.471018e-14 0 
  1.474353e-14 0 
  1.477689e-14 0 
  1.481025e-14 0 
  1.484360e-14 0 
  1.487696e-14 0 
  1.491032e-14 0 
  1.494367e-14 0 
  1.497703e-14 0 
  1.501038e-14 0 
  1.504374e-14 0 
  1.507710e-14 0 
  1.511045e-14 0 
  1.514381e-14 0 
  1.517717e-14 0 
  1.521052e-14 0 
  1.524388e-14 0 
  1.527724e-14 0 
  1.531059e-14 0 
  1.534395e-14 0 
  1.537730e-14 0 
  1.541066e-14 0 
  1.544402e-14 0 
  1.547737e-14 0 
  1.551073e-14 0 
  1.554409e-14 0 
  1.557744e-14 0 
  1.561080e-14 0 
  1.564416e-14 0 
  1.567751e-14 0 
  1.571087e-14 0 
  1.574423e-14 0 
  1.577758e-14 0 
  1.581094e-14 0 
  1.584429e-14 0 
  1.587765e-14 0 
  1.591101e-14 0 
  1.594436e-14 0 
  1.597772e-14 0 
  1.601108e-14 0 
  1.604443e-14 0 
  1.607779e-14 0 
  1.611115e-14 0 
  1.614450e-14 0 
  1.617786e-14 0 
  1.621122e-14 0 
  1.624457e-14 0 
  1.627793e-14 0 
  1.631128e-14 0 
  1.634464e-14 0 
  1.637800e-14 0 
  1.641135e-14 0 
  1.644471e-14 0 
  1.647807e-14 0 
  1.651142e-14 0 
  1.654478e-14 0 
  1.657814e-14 0 
  1.661149e-14 0 
  1.664485e-14 0 
  1.667820e-14 0 
  1.671156e-14 0 
  1.674492e-14 0 
  1.677827e-14 0 
  1.681163e-14 0 
  1.684499e-14 0 
  1.687834e-14 0 
  1.691170e-14 0 
  1.694506e-14 0 
  1.697841e-14 0 
  1.701177e-14 0 
  1.704513e-14 0 
  1.707848e-14 0 
  1.711184e-14 0 
  1.714519e-14 0 
  1.717855e-14 0 
  1.721191e-14 0 
  1.724526e-14 0 
  1.727862e-14 0 
  1.731198e-14 0 
  1.734533e-14 0 
  1.737869e-14 0 
  1.741205e-14 0 
  1.744540e-14 0 
  1.747876e-14 0 
  1.751211e-14 0 
  1.754547e-14 0 
  1.757883e-14 0 
  1.761218e-14 0 
  1.764554e-14 0 
  1.767890e-14 0 
  1.771225e-14 0 
  1.774561e-14 0 
  1.777897e-14 0 
  1.781232e-14 0 
  1.784568e-14 0 
  1.787904e-14 0 
  1.791239e-14 0 
  1.794575e-14 0 
  1.797910e-14 0 
  1.801246e-14 0 
  1.804582e-14 0 
  1.807917e-14 0 
  1.811253e-14 0 
  1.814589e-14 0 
  1.817924e-14 0 
  1.821260e-14 0 
  1.824596e-14 0 
  1.827931e-14 0 
  1.831267e-14 0 
  1.834603e-14 0 
  1.837938e-14 0 
  1.841274e-14 0 
  1.844609e-14 0 
  1.847945e-14 0 
  1.851281e-14 0 
  1.854616e-14 0 
  1.857952e-14 0 
  1.861288e-14 0 
  1.864623e-14 0 
  1.867959e-14 0 
  1.871295e-14 0 
  1.874630e-14 0 
  1.877966e-14 0 
  1.881301e-14 0 
  1.884637e-14 0 
  1.887973e-14 0 
  1.891308e-14 0 
  1.894644e-14 0 
  1.897980e-14 0 
  1.901315e-14 0 
  1.904651e-14 0 
  1.907987e-14 0 
  1.911322e-14 0 
  1.914658e-14 0 
  1.917994e-14 0 
  1.921329e-14 0 
  1.924665e-14 0 
  1.928000e-14 0 
  1.931336e-14 0 
  1.934672e-14 0 
  1.938007e-14 0 
  1.941343e-14 0 
  1.944679e-14 0 
  1.948014e-14 0 
  1.951350e-14 0 
  1.954686e-14 0 
  1.958021e-14 0 
  1.961357e-14 0 
  1.964693e-14 0 
  1.968028e-14 0 
  1.971364e-14 0 
  1.974699e-14 0 
  1.978035e-14 0 
  1.981371e-14 0 
  1.984706e-14 0 
  1.988042e-14 0 
  1.991378e-14 0 
  1.994713e-14 0 
  1.998049e-14 0 
  2.001385e-14 0 
  2.004720e-14 0 
  2.008056e-14 0 
  2.011391e-14 0 
  2.014727e-14 0 
  2.018063e-14 0 
  2.021398e-14 0 
  2.024734e-14 0 
  2.028070e-14 0 
  2.031405e-14 0 
  2.034741e-14 0 
  2.038077e-14 0 
  2.041412e-14 0 
  2.044748e-14 0 
  2.048084e-14 0 
  2.051419e-14 0 
  2.054755e-14 0 
  2.058090e-14 0 
  2.061426e-14 0 
  2.064762e-14 0 
  2.068097e-14 0 
  2.071433e-14 0 
  2.074769e-14 0 
  2.078104e-14 0 
  2.081440e-14 0 
  2.084776e-14 0 
  2.088111e-14 0 
  2.091447e-14 0 
  2.094783e-14 0 
  2.098118e-14 0 
  2.101454e-14 0 
  2.104789e-14 0 
  2.108125e-14 0 
  2.111461e-14 0 
  2.114796e-14 0 
  2.118132e-14 0 
  2.121468e-14 0 
  2.124803e-14 0 
  2.128139e-14 0 
  2.131475e-14 0 
  2.134810e-14 0 
  2.138146e-14 0 
  2.141481e-14 0 
  2.144817e-14 0 
  2.148153e-14 0 
  2.151488e-14 0 
  2.154824e-14 0 
  2.158160e-14 0 
  2.161495e-14 0 
  2.164831e-14 0 
  2.168167e-14 0 
  2.171502e-14 0 
  2.174838e-14 0 
  2.178174e-14 0 
  2.181509e-14 0 
  2.184845e-14 0 
  2.188180e-14 0 
  2.191516e-14 0 
  2.194852e-14 0 
  2.198187e-14 0 
  2.201523e-14 0 
  2.204859e-14 0 
  2.208194e-14 0 
  2.211530e-14 0 
  2.214866e-14 0 
  2.218201e-14 0 
  2.221537e-14 0 
  2.224873e-14 0 
  2.228208e-14 0 
  2.231544e-14 0 
  2.234879e-14 0 
  2.238215e-14 0 
  2.241551e-14 0 
  2.244886e-14 0 
  2.248222e-14 0 
  2.251558e-14 0 
  2.254893e-14 0 
  2.258229e-14 0 
  2.261565e-14 0 
  2.264900e-14 0 
  2.268236e-14 0 
  2.271571e-14 0 
  2.274907e-14 0 
  2.278243e-14 0 
  2.281578e-14 0 
  2.284914e-14 0 
  2.288250e-14 0 
  2.291585e-14 0 
  2.294921e-14 0 
  2.298257e-14 0 
  2.301592e-14 0 
  2.304928e-14 0 
  2.308264e-14 0 
  2.311599e-14 0 
  2.314935e-14 0 
  2.318270e-14 0 
  2.321606e-14 0 
  2.324942e-14 0 
  2.328277e-14 0 
  2.331613e-14 0 
  2.334949e-14 0 
  2.338284e-14 0 
  2.341620e-14 0 
  2.344956e-14 0 
  2.348291e-14 0 
  2.351627e-14 0 
  2.354963e-14 0 
  2.358298e-14 0 
  2.361634e-14 0 
  2.364969e-14 0 
  2.368305e-14 0 
  2.371641e-14 0 
  2.374976e-14 0 
  2.378312e-14 0 
  2.381648e-14 0 
  2.384983e-14 0 
  2.388319e-14 0 
  2.391655e-14 0 
  2.394990e-14 0 
  2.398326e-14 0 
  2.401661e-14 0 
  2.404997e-14 0 
  2.408333e-14 0 
  2.411668e-14 0 
  2.415004e-14 0 
  2.418340e-14 0 
  2.421675e-14 0 
  2.425011e-14 0 
  2.428347e-14 0 
  2.431682e-14 0 
  2.435018e-14 0 
  2.438354e-14 0 
  2.441689e-14 0 
  2.445025e-14 0 
  2.448360e-14 0 
  2.451696e-14 0 
  2.455032e-14 0 
  2.458367e-14 0 
  2.461703e-14 0 
  2.465039e-14 0 
  2.468374e-14 0 
  2.471710e-14 0 
  2.475046e-14 0 
  2.478381e-14 0 
  2.481717e-14 0 
  2.485053e-14 0 
  2.488388e-14 0 
  2.491724e-14 0 
  2.495059e-14 0 
  2.498395e-14 0 
  2.501731e-14 0 
  2.505066e-14 0 
  2.508402e-14 0 
  2.511738e-14 0 
  2.515073e-14 0 
  2.518409e-14 0 
  2.521745e-14 0 
  2.525080e-14 0 
  2.528416e-14 0 
  2.531751e-14 0 
  2.535087e-14 0 
  2.538423e-14 0 
  2.541758e-14 0 
  2.545094e-14 0 
  2.548430e-14 0 
  2.551765e-14 0 
  2.555101e-14 0 
  2.558437e-14 0 
  2.561772e-14 0 
  2.565108e-14 0 
  2.568444e-14 0 
  2.571779e-14 0 
  2.575115e-14 0 
  2.578450e-14 0 
  2.581786e-14 0 
  2.585122e-14 0 
  2.588457e-14 0 
  2.591793e-14 0 
  2.595129e-14 0 
  2.598464e-14 0 
  2.601800e-14 0 
  2.605136e-14 0 
  2.608471e-14 0 
  2.611807e-14 0 
  2.615143e-14 0 
  2.618478e-14 0 
  2.621814e-14 0 
  2.625149e-14 0 
  2.628485e-14 0 
  2.631821e-14 0 
  2.635156e-14 0 
  2.638492e-14 0 
  2.641828e-14 0 
  2.645163e-14 0 
  2.648499e-14 0 
  2.651835e-14 0 
  2.655170e-14 0 
  2.658506e-14 0 
  2.661841e-14 0 
  2.665177e-14 0 
  2.668513e-14 0 
  2.671848e-14 0 
  2.675184e-14 0 
  2.678520e-14 0 
  2.681855e-14 0 
  2.685191e-14 0 
  2.688527e-14 0 
  2.691862e-14 0 
  2.695198e-14 0 
  2.698534e-14 0 
  2.701869e-14 0 
  2.705205e-14 0 
  2.708540e-14 0 
  2.711876e-14 0 
  2.715212e-14 0 
  2.718547e-14 0 
  2.721883e-14 0 
  2.725219e-14 0 
  2.728554e-14 0 
  2.731890e-14 0 
  2.735226e-14 0 
  2.738561e-14 0 
  2.741897e-14 0 
  2.745233e-14 0 
  2.748568e-14 0 
  2.751904e-14 0 
  2.755239e-14 0 
  2.758575e-14 0 
  2.761911e-14 0 
  2.765246e-14 0 
  2.768582e-14 0 
  2.771918e-14 0 
  2.775253e-14 0 
  2.778589e-14 0 
  2.781925e-14 0 
  2.785260e-14 0 
  2.788596e-14 0 
  2.791931e-14 0 
  2.795267e-14 0 
  2.798603e-14 0 
  2.801938e-14 0 
  2.805274e-14 0 
  2.808610e-14 0 
  2.811945e-14 0 
  2.815281e-14 0 
  2.818617e-14 0 
  2.821952e-14 0 
  2.825288e-14 0 
  2.828624e-14 0 
  2.831959e-14 0 
  2.835295e-14 0 
  2.838630e-14 0 
  2.841966e-14 0 
  2.845302e-14 0 
  2.848637e-14 0 
  2.851973e-14 0 
  2.855309e-14 0 
  2.858644e-14 0 
  2.861980e-14 0 
  2.865316e-14 0 
  2.868651e-14 0 
  2.871987e-14 0 
  2.875323e-14 0 
  2.878658e-14 0 
  2.881994e-14 0 
  2.885329e-14 0 
  2.888665e-14 0 
  2.892001e-14 0 
  2.895336e-14 0 
  2.898672e-14 0 
  2.902008e-14 0 
  2.905343e-14 0 
  2.908679e-14 0 
  2.912015e-14 0 
  2.915350e-14 0 
  2.918686e-14 0 
  2.922021e-14 0 
  2.925357e-14 0 
  2.928693e-14 0 
  2.932028e-14 0 
  2.935364e-14 0 
  2.938700e-14 0 
  2.942035e-14 0 
  2.945371e-14 0 
  2.948707e-14 0 
  2.952042e-14 0 
  2.955378e-14 0 
  2.958714e-14 0 
  2.962049e-14 0 
  2.965385e-14 0 
  2.968720e-14 0 
  2.972056e-14 0 
  2.975392e-14 0 
  2.978727e-14 0 
  2.982063e-14 0 
  2.985399e-14 0 
  2.988734e-14 0 
  2.992070e-14 0 
  2.995406e-14 0 
  2.998741e-14 0 
  3.002077e-14 0 
  3.005412e-14 0 
  3.008748e-14 0 
  3.012084e-14 0 
  3.015419e-14 0 
  3.018755e-14 0 
  3.022091e-14 0 
  3.025426e-14 0 
  3.028762e-14 0 
  3.032098e-14 0 
  3.035433e-14 0 
  3.038769e-14 0 
  3.042105e-14 0 
  3.045440e-14 0 
  3.048776e-14 0 
  3.052111e-14 0 
  3.055447e-14 0 
  3.058783e-14 0 
  3.062118e-14 0 
  3.065454e-14 0 
  3.068790e-14 0 
  3.072125e-14 0 
  3.075461e-14 0 
  3.078797e-14 0 
  3.082132e-14 0 
  3.085468e-14 0 
  3.088804e-14 0 
  3.092139e-14 0 
  3.095475e-14 0 
  3.098810e-14 0 
  3.102146e-14 0 
  3.105482e-14 0 
  3.108817e-14 0 
  3.112153e-14 0 
  3.115489e-14 0 
  3.118824e-14 0 
  3.122160e-14 0 
  3.125496e-14 0 
  3.128831e-14 0 
  3.132167e-14 0 
  3.135502e-14 0 
  3.138838e-14 0 
  3.142174e-14 0 
  3.145509e-14 0 
  3.148845e-14 0 
  3.152181e-14 0 
  3.155516e-14 0 
  3.158852e-14 0 
  3.162188e-14 0 
  3.165523e-14 0 
  3.168859e-14 0 
  3.172195e-14 0 
  3.175530e-14 0 
  3.178866e-14 0 
  3.182201e-14 0 
  3.185537e-14 0 
  3.188873e-14 0 
  3.192208e-14 0 
  3.195544e-14 0 
  3.198880e-14 0 
  3.202215e-14 0 
  3.205551e-14 0 
  3.208887e-14 0 
  3.212222e-14 0 
  3.215558e-14 0 
  3.218894e-14 0 
  3.222229e-14 0 
  3.225565e-14 0 
  3.228900e-14 0 
  3.232236e-14 0 
  3.235572e-14 0 
  3.238907e-14 0 
  3.242243e-14 0 
  3.245579e-14 0 
  3.248914e-14 0 
  3.252250e-14 0 
  3.255586e-14 0 
  3.258921e-14 0 
  3.262257e-14 0 
  3.265592e-14 0 
  3.268928e-14 0 
  3.272264e-14 0 
  3.275599e-14 0 
  3.278935e-14 0 
  3.282271e-14 0 
  3.285606e-14 0 
  3.288942e-14 0 
  3.292278e-14 0 
  3.295613e-14 0 
  3.298949e-14 0 
  3.302285e-14 0 
  3.305620e-14 0 
  3.308956e-14 0 
  3.312291e-14 0 
  3.315627e-14 0 
  3.318963e-14 0 
  3.322298e-14 0 
  3.325634e-14 0 
  3.328970e-14 0 
  3.332305e-14 0 
  3.335641e-14 0 
  3.338977e-14 0 
  3.342312e-14 0 
  3.345648e-14 0 
  3.348984e-14 0 
  3.352319e-14 0 
  3.355655e-14 0 
  3.358990e-14 0 
  3.362326e-14 0 
  3.365662e-14 0 
  3.368997e-14 0 
  3.372333e-14 0 
  3.375669e-14 0 
  3.379004e-14 0 
  3.382340e-14 0 
  3.385676e-14 0 
  3.389011e-14 0 
  3.392347e-14 0 
  3.395682e-14 0 
  3.399018e-14 0 
  3.402354e-14 0 
  3.405689e-14 0 
  3.409025e-14 0 
  3.412361e-14 0 
  3.415696e-14 0 
  3.419032e-14 0 
  3.422368e-14 0 
  3.425703e-14 0 
  3.429039e-14 0 
  3.432375e-14 0 
  3.435710e-14 0 
  3.439046e-14 0 
  3.442381e-14 0 
  3.445717e-14 0 
  3.449053e-14 0 
  3.452388e-14 0 
  3.455724e-14 0 
  3.459060e-14 0 
  3.462395e-14 0 
  3.465731e-14 0 
  3.469067e-14 0 
  3.472402e-14 0 
  3.475738e-14 0 
  3.479074e-14 0 
  3.482409e-14 0 
  3.485745e-14 0 
  3.489080e-14 0 
  3.492416e-14 0 
  3.495752e-14 0 
  3.499087e-14 0 
  3.502423e-14 0 
  3.505759e-14 0 
  3.509094e-14 0 
  3.512430e-14 0 
  3.515766e-14 0 
  3.519101e-14 0 
  3.522437e-14 0 
  3.525772e-14 0 
  3.529108e-14 0 
  3.532444e-14 0 
  3.535779e-14 0 
  3.539115e-14 0 
  3.542451e-14 0 
  3.545786e-14 0 
  3.549122e-14 -1.688070e-07 
  3.552458e-14 -1.584140e-07 
  3.555793e-14 -1.470893e-07 
  3.559129e-14 -1.348909e-07 
  3.562465e-14 -1.218847e-07 
  3.565800e-14 -1.081641e-07 
  3.569136e-14 -9.385279e-08 
  3.572471e-14 -7.908931e-08 
  3.575807e-14 -6.400607e-08 
  3.579143e-14 -4.871817e-08 
  3.582478e-14 -3.332897e-08 
  3.585814e-14 -1.794440e-08 
  3.589150e-14 -2.682143e-09 
  3.592485e-14 1.233224e-08 
  3.595821e-14 2.697785e-08 
  3.599157e-14 4.114826e-08 
  3.602492e-14 5.475038e-08 
  3.605828e-14 6.769534e-08 
  3.609164e-14 7.989094e-08 
  3.612499e-14 9.124356e-08 
  3.615835e-14 1.016679e-07 
  3.619170e-14 1.110961e-07 
  3.622506e-14 1.194786e-07 
  3.625842e-14 1.267775e-07 
  3.629177e-14 1.329599e-07 
  3.632513e-14 1.379976e-07 
  3.635849e-14 1.418725e-07 
  3.639184e-14 1.445831e-07 
  3.642520e-14 1.461432e-07 
  3.645856e-14 1.465773e-07 
  3.649191e-14 1.459133e-07 
  3.652527e-14 1.441832e-07 
  3.655862e-14 1.414274e-07 
  3.659198e-14 1.377001e-07 
  3.662534e-14 1.330689e-07 
  3.665869e-14 1.276098e-07 
  3.669205e-14 1.214009e-07 
  3.672541e-14 1.145212e-07 
  3.675876e-14 1.070535e-07 
  3.679212e-14 9.908734e-08 
  3.682548e-14 9.071855e-08 
  3.685883e-14 8.204436e-08 
  3.689219e-14 7.315867e-08 
  3.692555e-14 6.415101e-08 
  3.695890e-14 5.510906e-08 
  3.699226e-14 4.612132e-08 
  3.702561e-14 3.727646e-08 
  3.705897e-14 2.865936e-08 
  3.709233e-14 2.034735e-08 
  3.712568e-14 1.240934e-08 
  3.715904e-14 4.908062e-09 
  3.719240e-14 -2.097806e-09 
  3.722575e-14 -8.554265e-09 
  3.725911e-14 -1.441507e-08 
  3.729247e-14 -1.964453e-08 
  3.732582e-14 -2.421768e-08 
  3.735918e-14 -2.811785e-08 
  3.739254e-14 -3.133444e-08 
  3.742589e-14 -3.386279e-08 
  3.745925e-14 -3.570599e-08 
  3.749260e-14 -3.687640e-08 
  3.752596e-14 -3.739503e-08 
  3.755932e-14 -3.728928e-08 
  3.759267e-14 -3.659094e-08 
  3.762603e-14 -3.533613e-08 
  3.765939e-14 -3.356664e-08 
  3.769274e-14 -3.133073e-08 
  3.772610e-14 -2.868202e-08 
  3.775946e-14 -2.567699e-08 
  3.779281e-14 -2.237280e-08 
  3.782617e-14 -1.882674e-08 
  3.785952e-14 -1.509691e-08 
  3.789288e-14 -1.124262e-08 
  3.792624e-14 -7.323386e-09 
  3.795959e-14 -3.396968e-09 
  3.799295e-14 4.821195e-10 
  3.802631e-14 4.262823e-09 
  3.805966e-14 7.896850e-09 
  3.809302e-14 1.133835e-08 
  3.812638e-14 1.454478e-08 
  3.815973e-14 1.747854e-08 
  3.819309e-14 2.010824e-08 
  3.822645e-14 2.240865e-08 
  3.825980e-14 2.435989e-08 
  3.829316e-14 2.594674e-08 
  3.832651e-14 2.715890e-08 
  3.835987e-14 2.799185e-08 
  3.839323e-14 2.844757e-08 
  3.842658e-14 2.853412e-08 
  3.845994e-14 2.826459e-08 
  3.849330e-14 2.765594e-08 
  3.852665e-14 2.672873e-08 
  3.856001e-14 2.550747e-08 
  3.859337e-14 2.402096e-08 
  3.862672e-14 2.230182e-08 
  3.866008e-14 2.038533e-08 
  3.869344e-14 1.830813e-08 
  3.872679e-14 1.610767e-08 
  3.876015e-14 1.382237e-08 
  3.879350e-14 1.149197e-08 
  3.882686e-14 9.157052e-09 
  3.886022e-14 6.857789e-09 
  3.889357e-14 4.632386e-09 
  3.892693e-14 2.516152e-09 
  3.896029e-14 5.415867e-10 
  3.899364e-14 -1.261050e-09 
  3.902700e-14 -2.863620e-09 
  3.906036e-14 -4.240891e-09 
  3.909371e-14 -5.371743e-09 
  3.912707e-14 -6.239871e-09 
  3.916042e-14 -6.833430e-09 
  3.919378e-14 -7.144120e-09 
  3.922714e-14 -7.166726e-09 
  3.926049e-14 -6.899706e-09 
  3.929385e-14 -6.346349e-09 
  3.932721e-14 -5.515368e-09 
  3.936056e-14 -4.420222e-09 
  3.939392e-14 -3.077632e-09 
  3.942728e-14 -1.506495e-09 
  3.946063e-14 2.719744e-10 
  3.949399e-14 2.233312e-09 
  3.952735e-14 4.349318e-09 
  3.956070e-14 6.588897e-09 
  3.959406e-14 8.919795e-09 
  3.962741e-14 1.130996e-08 
  3.966077e-14 1.372756e-08 
  3.969413e-14 1.614013e-08 
  3.972748e-14 1.851406e-08 
  3.976084e-14 2.081549e-08 
  3.979420e-14 2.301202e-08 
  3.982755e-14 2.507414e-08 
  3.986091e-14 2.697510e-08 
  3.989427e-14 2.868995e-08 
  3.992762e-14 3.019494e-08 
  3.996098e-14 3.146825e-08 
  3.999434e-14 3.249171e-08 
  4.002769e-14 3.325189e-08 
  4.006105e-14 3.373980e-08 
  4.009440e-14 3.394954e-08 
  4.012776e-14 3.387737e-08 
  4.016112e-14 3.352220e-08 
  4.019447e-14 3.288688e-08 
  4.022783e-14 3.197913e-08 
  4.026119e-14 3.081106e-08 
  4.029454e-14 2.939769e-08 
  4.032790e-14 2.775588e-08 
  4.036126e-14 2.590452e-08 
  4.039461e-14 2.386542e-08 
  4.042797e-14 2.166369e-08 
  4.046132e-14 1.932693e-08 
  4.049468e-14 1.688362e-08 
  4.052804e-14 1.436204e-08 
  4.056139e-14 1.179042e-08 
  4.059475e-14 9.197742e-09 
  4.062811e-14 6.614074e-09 
  4.066146e-14 4.069708e-09 
  4.069482e-14 1.593685e-09 
  4.072818e-14 -7.871811e-10 
  4.076153e-14 -3.048190e-09 
  4.079489e-14 -5.166057e-09 
  4.082825e-14 -7.118685e-09 
  4.086160e-14 -8.885885e-09 
  4.089496e-14 -1.045053e-08 
  4.092831e-14 -1.179918e-08 
  4.096167e-14 -1.292179e-08 
  4.099503e-14 -1.381094e-08 
  4.102838e-14 -1.446161e-08 
  4.106174e-14 -1.487157e-08 
  4.109510e-14 -1.504216e-08 
  4.112845e-14 -1.497842e-08 
  4.116181e-14 -1.468848e-08 
  4.119517e-14 -1.418271e-08 
  4.122852e-14 -1.347333e-08 
  4.126188e-14 -1.257476e-08 
  4.129523e-14 -1.150403e-08 
  4.132859e-14 -1.028075e-08 
  4.136195e-14 -8.926393e-09 
  4.139530e-14 -7.463413e-09 
  4.142866e-14 -5.914772e-09 
  4.146202e-14 -4.303980e-09 
  4.149537e-14 -2.655210e-09 
  4.152873e-14 -9.930033e-10 
  4.156209e-14 6.584564e-10 
  4.159544e-14 2.276070e-09 
  4.162880e-14 3.838125e-09 
  4.166216e-14 5.324166e-09 
  4.169551e-14 6.714857e-09 
  4.172887e-14 7.992208e-09 
  4.176222e-14 9.140169e-09 
  4.179558e-14 1.014519e-08 
  4.182894e-14 1.099641e-08 
  4.186229e-14 1.168546e-08 
  4.189565e-14 1.220619e-08 
  4.192901e-14 1.255470e-08 
  4.196236e-14 1.272962e-08 
  4.199572e-14 1.273242e-08 
  4.202908e-14 1.256740e-08 
  4.206243e-14 1.224136e-08 
  4.209579e-14 1.176323e-08 
  4.212915e-14 1.114378e-08 
  4.216250e-14 1.039571e-08 
  4.219586e-14 9.533603e-09 
  4.222921e-14 8.573870e-09 
  4.226257e-14 7.534273e-09 
  4.229593e-14 6.433380e-09 
  4.232928e-14 5.290159e-09 
  4.236264e-14 4.123860e-09 
  4.239600e-14 2.954082e-09 
  4.242935e-14 1.800709e-09 
  4.246271e-14 6.835363e-10 
  4.249607e-14 -3.783814e-10 
  4.252942e-14 -1.367313e-09 
  4.256278e-14 -2.267096e-09 
  4.259613e-14 -3.063033e-09 
  4.262949e-14 -3.741755e-09 
  4.266285e-14 -4.291378e-09 
  4.269620e-14 -4.701990e-09 
  4.272956e-14 -4.966131e-09 
  4.276292e-14 -5.078881e-09 
  4.279627e-14 -5.037504e-09 
  4.282963e-14 -4.841045e-09 
  4.286299e-14 -4.490321e-09 
  4.289634e-14 -3.988375e-09 
  4.292970e-14 -3.340977e-09 
  4.296306e-14 -2.556627e-09 
  4.299641e-14 -1.645953e-09 
  4.302977e-14 -6.209644e-10 
  4.306312e-14 5.052505e-10 
  4.309648e-14 1.718234e-09 
  4.312984e-14 3.001762e-09 
  4.316319e-14 4.337964e-09 
  4.319655e-14 5.708112e-09 
  4.322991e-14 7.093539e-09 
  4.326326e-14 8.476024e-09 
  4.329662e-14 9.837472e-09 
  4.332998e-14 1.115944e-08 
  4.336333e-14 1.242324e-08 
  4.339669e-14 1.361072e-08 
  4.343005e-14 1.470525e-08 
  4.346340e-14 1.569206e-08 
  4.349676e-14 1.655793e-08 
  4.353011e-14 1.729056e-08 
  4.356347e-14 1.787876e-08 
  4.359683e-14 1.831312e-08 
  4.363018e-14 1.858693e-08 
  4.366354e-14 1.869640e-08 
  4.369690e-14 1.863999e-08 
  4.373025e-14 1.841771e-08 
  4.376361e-14 1.803092e-08 
  4.379697e-14 1.748292e-08 
  4.383032e-14 1.677957e-08 
  4.386368e-14 1.592938e-08 
  4.389703e-14 1.494275e-08 
  4.393039e-14 1.383119e-08 
  4.396375e-14 1.260715e-08 
  4.399710e-14 1.128439e-08 
  4.403046e-14 9.878519e-09 
  4.406382e-14 8.406792e-09 
  4.409717e-14 6.887287e-09 
  4.413053e-14 5.338019e-09 
  4.416389e-14 3.776648e-09 
  4.419724e-14 2.220780e-09 
  4.423060e-14 6.882806e-10 
  4.426396e-14 -8.029530e-10 
  4.429731e-14 -2.235749e-09 
  4.433067e-14 -3.594360e-09 
  4.436402e-14 -4.864602e-09 
  4.439738e-14 -6.033495e-09 
  4.443074e-14 -7.088949e-09 
  4.446409e-14 -8.019960e-09 
  4.449745e-14 -8.817233e-09 
  4.453081e-14 -9.473713e-09 
  4.456416e-14 -9.984621e-09 
  4.459752e-14 -1.034709e-08 
  4.463088e-14 -1.055986e-08 
  4.466423e-14 -1.062336e-08 
  4.469759e-14 -1.054008e-08 
  4.473095e-14 -1.031474e-08 
  4.476430e-14 -9.954108e-09 
  4.479766e-14 -9.466436e-09 
  4.483101e-14 -8.861160e-09 
  4.486437e-14 -8.148858e-09 
  4.489773e-14 -7.341433e-09 
  4.493108e-14 -6.452131e-09 
  4.496444e-14 -5.495220e-09 
  4.499780e-14 -4.485511e-09 
  4.503115e-14 -3.438035e-09 
  4.506451e-14 -2.367989e-09 
  4.509787e-14 -1.290786e-09 
  4.513122e-14 -2.219385e-10 
  4.516458e-14 8.233200e-10 
  4.519793e-14 1.830489e-09 
  4.523129e-14 2.786093e-09 
  4.526465e-14 3.677735e-09 
  4.529800e-14 4.494076e-09 
  4.533136e-14 5.224922e-09 
  4.536472e-14 5.861466e-09 
  4.539807e-14 6.396529e-09 
  4.543143e-14 6.824651e-09 
  4.546479e-14 7.141998e-09 
  4.549814e-14 7.346241e-09 
  4.553150e-14 7.436548e-09 
  4.556486e-14 7.413705e-09 
  4.559821e-14 7.280264e-09 
  4.563157e-14 7.040566e-09 
  4.566492e-14 6.700611e-09 
  4.569828e-14 6.267837e-09 
  4.573164e-14 5.750917e-09 
  4.576499e-14 5.159646e-09 
  4.579835e-14 4.504870e-09 
  4.583171e-14 3.798392e-09 
  4.586506e-14 3.052764e-09 
  4.589842e-14 2.280996e-09 
  4.593178e-14 1.496255e-09 
  4.596513e-14 7.116770e-10 
  4.599849e-14 -5.970516e-11 
  4.603185e-14 -8.049830e-10 
  4.606520e-14 -1.511501e-09 
  4.609856e-14 -2.167151e-09 
  4.613191e-14 -2.760734e-09 
  4.616527e-14 -3.282205e-09 
  4.619863e-14 -3.722690e-09 
  4.623198e-14 -4.074374e-09 
  4.626534e-14 -4.330502e-09 
  4.629870e-14 -4.485623e-09 
  4.633205e-14 -4.535970e-09 
  4.636541e-14 -4.479682e-09 
  4.639877e-14 -4.316681e-09 
  4.643212e-14 -4.048322e-09 
  4.646548e-14 -3.677163e-09 
  4.649883e-14 -3.207062e-09 
  4.653219e-14 -2.643475e-09 
  4.656555e-14 -1.993590e-09 
  4.659890e-14 -1.266047e-09 
  4.663226e-14 -4.704235e-10 
  4.666562e-14 3.831127e-10 
  4.669897e-14 1.283726e-09 
  4.673233e-14 2.219594e-09 
  4.676569e-14 3.177821e-09 
  4.679904e-14 4.144854e-09 
  4.683240e-14 5.107198e-09 
  4.686576e-14 6.051902e-09 
  4.689911e-14 6.966511e-09 
  4.693247e-14 7.838707e-09 
  4.696582e-14 8.656166e-09 
  4.699918e-14 9.406946e-09 
  4.703254e-14 1.008018e-08 
  4.706589e-14 1.066652e-08 
  4.709925e-14 1.115800e-08 
  4.713261e-14 1.154762e-08 
  4.716596e-14 1.182913e-08 
  4.719932e-14 1.199746e-08 
  4.723268e-14 1.204928e-08 
  4.726603e-14 1.198336e-08 
  4.729939e-14 1.180026e-08 
  4.733275e-14 1.150177e-08 
  4.736610e-14 1.109060e-08 
  4.739946e-14 1.057063e-08 
  4.743281e-14 9.947432e-09 
  4.746617e-14 9.228424e-09 
  4.749953e-14 8.422502e-09 
  4.753288e-14 7.539368e-09 
  4.756624e-14 6.589157e-09 
  4.759960e-14 5.582575e-09 
  4.763295e-14 4.531268e-09 
  4.766631e-14 3.447883e-09 
  4.769967e-14 2.345625e-09 
  4.773302e-14 1.237613e-09 
  4.776638e-14 1.365215e-10 
  4.779973e-14 -9.453180e-10 
  4.783309e-14 -1.995654e-09 
  4.786645e-14 -3.002335e-09 
  4.789980e-14 -3.953744e-09 
  4.793316e-14 -4.839334e-09 
  4.796652e-14 -5.649874e-09 
  4.799987e-14 -6.377280e-09 
  4.803323e-14 -7.014345e-09 
  4.806659e-14 -7.554727e-09 
  4.809994e-14 -7.993280e-09 
  4.813330e-14 -8.326439e-09 
  4.816666e-14 -8.552334e-09 
  4.820001e-14 -8.670592e-09 
  4.823337e-14 -8.682065e-09 
  4.826672e-14 -8.588766e-09 
  4.830008e-14 -8.394016e-09 
  4.833344e-14 -8.102589e-09 
  4.836679e-14 -7.720630e-09 
  4.840015e-14 -7.255372e-09 
  4.843351e-14 -6.714855e-09 
  4.846686e-14 -6.107835e-09 
  4.850022e-14 -5.443837e-09 
  4.853358e-14 -4.733149e-09 
  4.856693e-14 -3.986648e-09 
  4.860029e-14 -3.215486e-09 
  4.863365e-14 -2.430837e-09 
  4.866700e-14 -1.643794e-09 
  4.870036e-14 -8.653475e-10 
  4.873371e-14 -1.063082e-10 
  4.876707e-14 6.228949e-10 
  4.880043e-14 1.312471e-09 
  4.883378e-14 1.953454e-09 
  4.886714e-14 2.537767e-09 
  4.890050e-14 3.058252e-09 
  4.893385e-14 3.508726e-09 
  4.896721e-14 3.884107e-09 
  4.900057e-14 4.180524e-09 
  4.903392e-14 4.395360e-09 
  4.906728e-14 4.527212e-09 
  4.910063e-14 4.575843e-09 
  4.913399e-14 4.542178e-09 
  4.916735e-14 4.428332e-09 
  4.920070e-14 4.237633e-09 
  4.923406e-14 3.974599e-09 
  4.926742e-14 3.644845e-09 
  4.930077e-14 3.254954e-09 
  4.933413e-14 2.812336e-09 
  4.936749e-14 2.325087e-09 
  4.940084e-14 1.801872e-09 
  4.943420e-14 1.251835e-09 
  4.946756e-14 6.844955e-10 
  4.950091e-14 1.096161e-10 
  4.953427e-14 -4.629953e-10 
  4.956762e-14 -1.023678e-09 
  4.960098e-14 -1.563046e-09 
  4.963434e-14 -2.072036e-09 
  4.966769e-14 -2.541941e-09 
  4.970105e-14 -2.964543e-09 
  4.973441e-14 -3.332358e-09 
  4.976776e-14 -3.638863e-09 
  4.980112e-14 -3.878590e-09 
  4.983448e-14 -4.047046e-09 
  4.986783e-14 -4.140615e-09 
  4.990119e-14 -4.156621e-09 
  4.993455e-14 -4.093564e-09 
  4.996790e-14 -3.951343e-09 
  5.000126e-14 -3.731249e-09 
  5.003461e-14 -3.435702e-09 
  5.006797e-14 -3.067978e-09 
  5.010133e-14 -2.632154e-09 
  5.013468e-14 -2.133309e-09 
  5.016804e-14 -1.577720e-09 
  5.020140e-14 -9.727683e-10 
  5.023475e-14 -3.265618e-10 
  5.026811e-14 3.524434e-10 
  5.030147e-14 1.055525e-09 
  5.033482e-14 1.773488e-09 
  5.036818e-14 2.496502e-09 
  5.040153e-14 3.214293e-09 
  5.043489e-14 3.916667e-09 
  5.046825e-14 4.593986e-09 
  5.050160e-14 5.237256e-09 
  5.053496e-14 5.837856e-09 
  5.056832e-14 6.387291e-09 
  5.060167e-14 6.877342e-09 
  5.063503e-14 7.300564e-09 
  5.066839e-14 7.650735e-09 
  5.070174e-14 7.922891e-09 
  5.073510e-14 8.113003e-09 
  5.076846e-14 8.217702e-09 
  5.080181e-14 8.234400e-09 
  5.083517e-14 8.161738e-09 
  5.086852e-14 7.999934e-09 
  5.090188e-14 7.750691e-09 
  5.093524e-14 7.416760e-09 
  5.096859e-14 7.001577e-09 
  5.100195e-14 6.509305e-09 
  5.103531e-14 5.945193e-09 
  5.106866e-14 5.315812e-09 
  5.110202e-14 4.628868e-09 
  5.113538e-14 3.892698e-09 
  5.116873e-14 3.115855e-09 
  5.120209e-14 2.307097e-09 
  5.123545e-14 1.475646e-09 
  5.126880e-14 6.313406e-10 
  5.130216e-14 -2.155745e-10 
  5.133551e-14 -1.054928e-09 
  5.136887e-14 -1.876988e-09 
  5.140223e-14 -2.672497e-09 
  5.143558e-14 -3.432492e-09 
  5.146894e-14 -4.148236e-09 
  5.150230e-14 -4.811447e-09 
  5.153565e-14 -5.414685e-09 
  5.156901e-14 -5.951603e-09 
  5.160237e-14 -6.416908e-09 
  5.163572e-14 -6.806161e-09 
  5.166908e-14 -7.115698e-09 
  5.170243e-14 -7.342781e-09 
  5.173579e-14 -7.485849e-09 
  5.176915e-14 -7.544645e-09 
  5.180250e-14 -7.520123e-09 
  5.183586e-14 -7.414240e-09 
  5.186922e-14 -7.229854e-09 
  5.190257e-14 -6.970755e-09 
  5.193593e-14 -6.641738e-09 
  5.196929e-14 -6.248575e-09 
  5.200264e-14 -5.797843e-09 
  5.203600e-14 -5.296743e-09 
  5.206936e-14 -4.752990e-09 
  5.210271e-14 -4.174780e-09 
  5.213607e-14 -3.570742e-09 
  5.216942e-14 -2.949792e-09 
  5.220278e-14 -2.320937e-09 
  5.223614e-14 -1.693096e-09 
  5.226949e-14 -1.075016e-09 
  5.230285e-14 -4.752127e-10 
  5.233621e-14 9.812489e-11 
  5.236956e-14 6.372762e-10 
  5.240292e-14 1.135140e-09 
  5.243628e-14 1.585332e-09 
  5.246963e-14 1.982229e-09 
  5.250299e-14 2.321022e-09 
  5.253634e-14 2.597802e-09 
  5.256970e-14 2.809648e-09 
  5.260306e-14 2.954672e-09 
  5.263641e-14 3.031996e-09 
  5.266977e-14 3.041712e-09 
  5.270313e-14 2.984870e-09 
  5.273648e-14 2.863493e-09 
  5.276984e-14 2.680591e-09 
  5.280320e-14 2.440109e-09 
  5.283655e-14 2.146840e-09 
  5.286991e-14 1.806334e-09 
  5.290327e-14 1.424832e-09 
  5.293662e-14 1.009179e-09 
  5.296998e-14 5.667039e-10 
  5.300333e-14 1.050686e-10 
  5.303669e-14 -3.678545e-10 
  5.307005e-14 -8.440595e-10 
  5.310340e-14 -1.315465e-09 
  5.313676e-14 -1.774027e-09 
  5.317012e-14 -2.211910e-09 
  5.320347e-14 -2.621661e-09 
  5.323683e-14 -2.996298e-09 
  5.327019e-14 -3.329333e-09 
  5.330354e-14 -3.614803e-09 
  5.333690e-14 -3.847411e-09 
  5.337026e-14 -4.022734e-09 
  5.340361e-14 -4.137352e-09 
  5.343697e-14 -4.188820e-09 
  5.347032e-14 -4.175537e-09 
  5.350368e-14 -4.096679e-09 
  5.353704e-14 -3.952311e-09 
  5.357039e-14 -3.743589e-09 
  5.360375e-14 -3.472834e-09 
  5.363711e-14 -3.143385e-09 
  5.367046e-14 -2.759322e-09 
  5.370382e-14 -2.325327e-09 
  5.373718e-14 -1.846763e-09 
  5.377053e-14 -1.329850e-09 
  5.380389e-14 -7.816701e-10 
  5.383724e-14 -2.098846e-10 
  5.387060e-14 3.776483e-10 
  5.390396e-14 9.730759e-10 
  5.393731e-14 1.568462e-09 
  5.397067e-14 2.155602e-09 
  5.400403e-14 2.726056e-09 
  5.403738e-14 3.271495e-09 
  5.407074e-14 3.784131e-09 
  5.410410e-14 4.256911e-09 
  5.413745e-14 4.683361e-09 
  5.417081e-14 5.057346e-09 
  5.420417e-14 5.373056e-09 
  5.423752e-14 5.625343e-09 
  5.427088e-14 5.810130e-09 
  5.430423e-14 5.924556e-09 
  5.433759e-14 5.966774e-09 
  5.437095e-14 5.935664e-09 
  5.440430e-14 5.830788e-09 
  5.443766e-14 5.652650e-09 
  5.447102e-14 5.402999e-09 
  5.450437e-14 5.084842e-09 
  5.453773e-14 4.702126e-09 
  5.457109e-14 4.259362e-09 
  5.460444e-14 3.761524e-09 
  5.463780e-14 3.214248e-09 
  5.467116e-14 2.624058e-09 
  5.470451e-14 1.998328e-09 
  5.473787e-14 1.344942e-09 
  5.477122e-14 6.719160e-10 
  5.480458e-14 -1.274156e-11 
  5.483794e-14 -7.009191e-10 
  5.487129e-14 -1.384276e-09 
  5.490465e-14 -2.054346e-09 
  5.493801e-14 -2.702863e-09 
  5.497136e-14 -3.322091e-09 
  5.500472e-14 -3.904925e-09 
  5.503808e-14 -4.444804e-09 
  5.507143e-14 -4.935607e-09 
  5.510479e-14 -5.371747e-09 
  5.513814e-14 -5.748395e-09 
  5.517150e-14 -6.061687e-09 
  5.520486e-14 -6.308748e-09 
  5.523821e-14 -6.487581e-09 
  5.527157e-14 -6.596972e-09 
  5.530493e-14 -6.636535e-09 
  5.533828e-14 -6.606828e-09 
  5.537164e-14 -6.509434e-09 
  5.540500e-14 -6.346917e-09 
  5.543835e-14 -6.122692e-09 
  5.547171e-14 -5.840924e-09 
  5.550507e-14 -5.506479e-09 
  5.553842e-14 -5.124906e-09 
  5.557178e-14 -4.702355e-09 
  5.560513e-14 -4.245457e-09 
  5.563849e-14 -3.761188e-09 
  5.567185e-14 -3.256784e-09 
  5.570520e-14 -2.739678e-09 
  5.573856e-14 -2.217418e-09 
  5.577192e-14 -1.697532e-09 
  5.580527e-14 -1.187396e-09 
  5.583863e-14 -6.941341e-10 
  5.587199e-14 -2.245620e-10 
  5.590534e-14 2.148801e-10 
  5.593870e-14 6.182508e-10 
  5.597206e-14 9.802500e-10 
  5.600541e-14 1.296313e-09 
  5.603877e-14 1.562622e-09 
  5.607212e-14 1.776094e-09 
  5.610548e-14 1.934408e-09 
  5.613884e-14 2.036084e-09 
  5.617219e-14 2.080566e-09 
  5.620555e-14 2.068212e-09 
  5.623891e-14 2.000215e-09 
  5.627226e-14 1.878526e-09 
  5.630562e-14 1.705831e-09 
  5.633898e-14 1.485580e-09 
  5.637233e-14 1.221971e-09 
  5.640569e-14 9.198755e-10 
  5.643904e-14 5.847003e-10 
  5.647240e-14 2.222813e-10 
  5.650576e-14 -1.611737e-10 
  5.653911e-14 -5.591256e-10 
  5.657247e-14 -9.647929e-10 
  5.660583e-14 -1.371303e-09 
  5.663918e-14 -1.771848e-09 
  5.667254e-14 -2.159784e-09 
  5.670590e-14 -2.528658e-09 
  5.673925e-14 -2.872259e-09 
  5.677261e-14 -3.184729e-09 
  5.680597e-14 -3.460724e-09 
  5.683932e-14 -3.695523e-09 
  5.687268e-14 -3.885039e-09 
  5.690603e-14 -4.025774e-09 
  5.693939e-14 -4.114861e-09 
  5.697275e-14 -4.150201e-09 
  5.700610e-14 -4.130608e-09 
  5.703946e-14 -4.055829e-09 
  5.707282e-14 -3.926421e-09 
  5.710617e-14 -3.743617e-09 
  5.713953e-14 -3.509320e-09 
  5.717289e-14 -3.226226e-09 
  5.720624e-14 -2.897912e-09 
  5.723960e-14 -2.528751e-09 
  5.727296e-14 -2.123677e-09 
  5.730631e-14 -1.687973e-09 
  5.733967e-14 -1.227252e-09 
  5.737302e-14 -7.475858e-10 
  5.740638e-14 -2.555618e-10 
  5.743974e-14 2.418719e-10 
  5.747309e-14 7.377377e-10 
  5.750645e-14 1.225288e-09 
  5.753981e-14 1.698017e-09 
  5.757316e-14 2.149506e-09 
  5.760652e-14 2.573347e-09 
  5.763988e-14 2.963337e-09 
  5.767323e-14 3.313818e-09 
  5.770659e-14 3.619919e-09 
  5.773994e-14 3.877502e-09 
  5.777330e-14 4.082946e-09 
  5.780666e-14 4.233053e-09 
  5.784001e-14 4.325217e-09 
  5.787337e-14 4.357731e-09 
  5.790673e-14 4.329953e-09 
  5.794008e-14 4.242181e-09 
  5.797344e-14 4.095382e-09 
  5.800680e-14 3.891035e-09 
  5.804015e-14 3.631246e-09 
  5.807351e-14 3.318976e-09 
  5.810687e-14 2.958128e-09 
  5.814022e-14 2.553357e-09 
  5.817358e-14 2.109756e-09 
  5.820693e-14 1.632669e-09 
  5.824029e-14 1.127746e-09 
  5.827365e-14 6.011028e-10 
  5.830700e-14 5.934329e-11 
  5.834036e-14 -4.906611e-10 
  5.837372e-14 -1.042080e-09 
  5.840707e-14 -1.588306e-09 
  5.844043e-14 -2.122923e-09 
  5.847379e-14 -2.639602e-09 
  5.850714e-14 -3.132113e-09 
  5.854050e-14 -3.594514e-09 
  5.857386e-14 -4.021403e-09 
  5.860721e-14 -4.408039e-09 
  5.864057e-14 -4.750311e-09 
  5.867392e-14 -5.044643e-09 
  5.870728e-14 -5.287995e-09 
  5.874064e-14 -5.477987e-09 
  5.877399e-14 -5.613033e-09 
  5.880735e-14 -5.692391e-09 
  5.884071e-14 -5.716095e-09 
  5.887406e-14 -5.684862e-09 
  5.890742e-14 -5.600066e-09 
  5.894078e-14 -5.463774e-09 
  5.897413e-14 -5.278758e-09 
  5.900749e-14 -5.048449e-09 
  5.904084e-14 -4.776847e-09 
  5.907420e-14 -4.468435e-09 
  5.910756e-14 -4.128125e-09 
  5.914091e-14 -3.761204e-09 
  5.917427e-14 -3.373262e-09 
  5.920763e-14 -2.970092e-09 
  5.924098e-14 -2.557604e-09 
  5.927434e-14 -2.141764e-09 
  5.930770e-14 -1.728530e-09 
  5.934105e-14 -1.323762e-09 
  5.937441e-14 -9.331010e-10 
  5.940777e-14 -5.618638e-10 
  5.944112e-14 -2.149878e-10 
  5.947448e-14 1.029770e-10 
  5.950783e-14 3.878969e-10 
  5.954119e-14 6.361419e-10 
  5.957455e-14 8.446989e-10 
  5.960790e-14 1.011238e-09 
  5.964126e-14 1.134096e-09 
  5.967462e-14 1.212219e-09 
  5.970797e-14 1.245151e-09 
  5.974133e-14 1.233092e-09 
  5.977469e-14 1.176962e-09 
  5.980804e-14 1.078399e-09 
  5.984140e-14 9.396795e-10 
  5.987476e-14 7.636002e-10 
  5.990811e-14 5.534303e-10 
  5.994147e-14 3.129216e-10 
  5.997482e-14 4.631744e-11 
  6.000818e-14 -2.417144e-10 
  6.004154e-14 -5.462214e-10 
  6.007489e-14 -8.620988e-10 
  6.010825e-14 -1.184146e-09 
  6.014161e-14 -1.507069e-09 
  6.017496e-14 -1.825509e-09 
  6.020832e-14 -2.134157e-09 
  6.024168e-14 -2.427898e-09 
  6.027503e-14 -2.701906e-09 
  6.030839e-14 -2.951662e-09 
  6.034174e-14 -3.172947e-09 
  6.037510e-14 -3.361906e-09 
  6.040846e-14 -3.515181e-09 
  6.044181e-14 -3.630018e-09 
  6.047517e-14 -3.704287e-09 
  6.050853e-14 -3.736410e-09 
  6.054188e-14 -3.725338e-09 
  6.057524e-14 -3.670600e-09 
  6.060860e-14 -3.572426e-09 
  6.064195e-14 -3.431776e-09 
  6.067531e-14 -3.250262e-09 
  6.070867e-14 -3.029993e-09 
  6.074202e-14 -2.773521e-09 
  6.077538e-14 -2.483899e-09 
  6.080873e-14 -2.164785e-09 
  6.084209e-14 -1.820418e-09 
  6.087545e-14 -1.455440e-09 
  6.090880e-14 -1.074673e-09 
  6.094216e-14 -6.830369e-10 
  6.097552e-14 -2.856176e-10 
  6.100887e-14 1.122448e-10 
  6.104223e-14 5.050220e-10 
  6.107559e-14 8.872354e-10 
  6.110894e-14 1.253699e-09 
  6.114230e-14 1.599586e-09 
  6.117566e-14 1.920311e-09 
  6.120901e-14 2.211412e-09 
  6.124237e-14 2.468615e-09 
  6.127572e-14 2.688093e-09 
  6.130908e-14 2.866697e-09 
  6.134244e-14 3.001992e-09 
  6.137579e-14 3.092080e-09 
  6.140915e-14 3.135452e-09 
  6.144251e-14 3.131036e-09 
  6.147586e-14 3.078424e-09 
  6.150922e-14 2.978043e-09 
  6.154258e-14 2.831106e-09 
  6.157593e-14 2.639379e-09 
  6.160929e-14 2.404993e-09 
  6.164264e-14 2.130451e-09 
  6.167600e-14 1.818807e-09 
  6.170936e-14 1.473786e-09 
  6.174271e-14 1.099686e-09 
  6.177607e-14 7.011333e-10 
  6.180943e-14 2.828755e-10 
  6.184278e-14 -1.502320e-10 
  6.187614e-14 -5.931081e-10 
  6.190950e-14 -1.040390e-09 
  6.194285e-14 -1.486563e-09 
  6.197621e-14 -1.926206e-09 
  6.200957e-14 -2.354175e-09 
  6.204292e-14 -2.765619e-09 
  6.207628e-14 -3.155890e-09 
  6.210963e-14 -3.520502e-09 
  6.214299e-14 -3.855235e-09 
  6.217635e-14 -4.156312e-09 
  6.220970e-14 -4.420522e-09 
  6.224306e-14 -4.645214e-09 
  6.227642e-14 -4.828232e-09 
  6.230977e-14 -4.967887e-09 
  6.234313e-14 -5.063021e-09 
  6.237649e-14 -5.113102e-09 
  6.240984e-14 -5.118271e-09 
  6.244320e-14 -5.079290e-09 
  6.247656e-14 -4.997475e-09 
  6.250991e-14 -4.874641e-09 
  6.254327e-14 -4.713105e-09 
  6.257662e-14 -4.515676e-09 
  6.260998e-14 -4.285617e-09 
  6.264334e-14 -4.026579e-09 
  6.267669e-14 -3.742546e-09 
  6.271005e-14 -3.437789e-09 
  6.274341e-14 -3.116832e-09 
  6.277676e-14 -2.784371e-09 
  6.281012e-14 -2.445187e-09 
  6.284348e-14 -2.104075e-09 
  6.287683e-14 -1.765802e-09 
  6.291019e-14 -1.435079e-09 
  6.294354e-14 -1.116483e-09 
  6.297690e-14 -8.143464e-10 
  6.301026e-14 -5.326492e-10 
  6.304361e-14 -2.749831e-10 
  6.307697e-14 -4.457495e-11 
  6.311033e-14 1.557030e-10 
  6.314368e-14 3.233925e-10 
  6.317704e-14 4.565548e-10 
  6.321040e-14 5.538403e-10 
  6.324375e-14 6.144681e-10 
  6.327711e-14 6.381541e-10 
  6.331047e-14 6.250741e-10 
  6.334382e-14 5.759066e-10 
  6.337718e-14 4.919077e-10 
  6.341053e-14 3.749276e-10 
  6.344389e-14 2.273319e-10 
  6.347725e-14 5.188144e-11 
  6.351060e-14 -1.483400e-10 
  6.354396e-14 -3.699200e-10 
  6.357732e-14 -6.090943e-10 
  6.361067e-14 -8.617908e-10 
  6.364403e-14 -1.123752e-09 
  6.367739e-14 -1.390667e-09 
  6.371074e-14 -1.658224e-09 
  6.374410e-14 -1.922106e-09 
  6.377746e-14 -2.177986e-09 
  6.381081e-14 -2.421601e-09 
  6.384417e-14 -2.648883e-09 
  6.387752e-14 -2.856057e-09 
  6.391088e-14 -3.039667e-09 
  6.394424e-14 -3.196554e-09 
  6.397759e-14 -3.323886e-09 
  6.401095e-14 -3.419254e-09 
  6.404431e-14 -3.480786e-09 
  6.407766e-14 -3.507179e-09 
  6.411102e-14 -3.497641e-09 
  6.414438e-14 -3.451826e-09 
  6.417773e-14 -3.369843e-09 
  6.421109e-14 -3.252338e-09 
  6.424444e-14 -3.100561e-09 
  6.427780e-14 -2.916313e-09 
  6.431116e-14 -2.701820e-09 
  6.434451e-14 -2.459627e-09 
  6.437787e-14 -2.192633e-09 
  6.441123e-14 -1.904180e-09 
  6.444458e-14 -1.598085e-09 
  6.447794e-14 -1.278515e-09 
  6.451130e-14 -9.497793e-10 
  6.454465e-14 -6.162025e-10 
  6.457801e-14 -2.821417e-10 
  6.461137e-14 4.791775e-11 
  6.464472e-14 3.693668e-10 
  6.467808e-14 6.776428e-10 
  6.471143e-14 9.684575e-10 
  6.474479e-14 1.237903e-09 
  6.477815e-14 1.482376e-09 
  6.481150e-14 1.698441e-09 
  6.484486e-14 1.882828e-09 
  6.487822e-14 2.032617e-09 
  6.491157e-14 2.145455e-09 
  6.494493e-14 2.219643e-09 
  6.497829e-14 2.254022e-09 
  6.501164e-14 2.247814e-09 
  6.504500e-14 2.200610e-09 
  6.507835e-14 2.112511e-09 
  6.511171e-14 1.984302e-09 
  6.514507e-14 1.817462e-09 
  6.517842e-14 1.613990e-09 
  6.521178e-14 1.376205e-09 
  6.524514e-14 1.106692e-09 
  6.527849e-14 8.084135e-10 
  6.531185e-14 4.848309e-10 
  6.534521e-14 1.398822e-10 
  6.537856e-14 -2.222045e-10 
  6.541192e-14 -5.971062e-10 
  6.544528e-14 -9.804677e-10 
  6.547863e-14 -1.367832e-09 
  6.551199e-14 -1.754573e-09 
  6.554534e-14 -2.135963e-09 
  6.557870e-14 -2.507357e-09 
  6.561206e-14 -2.864371e-09 
  6.564541e-14 -3.202941e-09 
  6.567877e-14 -3.519272e-09 
  6.571213e-14 -3.809785e-09 
  6.574548e-14 -4.071163e-09 
  6.577884e-14 -4.300477e-09 
  6.581220e-14 -4.495295e-09 
  6.584555e-14 -4.653699e-09 
  6.587891e-14 -4.774246e-09 
  6.591227e-14 -4.855932e-09 
  6.594562e-14 -4.898222e-09 
  6.597898e-14 -4.901115e-09 
  6.601233e-14 -4.865171e-09 
  6.604569e-14 -4.791484e-09 
  6.607905e-14 -4.681635e-09 
  6.611240e-14 -4.537645e-09 
  6.614576e-14 -4.361958e-09 
  6.617912e-14 -4.157422e-09 
  6.621247e-14 -3.927231e-09 
  6.624583e-14 -3.674872e-09 
  6.627919e-14 -3.404082e-09 
  6.631254e-14 -3.118823e-09 
  6.634590e-14 -2.823242e-09 
  6.637925e-14 -2.521595e-09 
  6.641261e-14 -2.218147e-09 
  6.644597e-14 -1.917105e-09 
  6.647932e-14 -1.622599e-09 
  6.651268e-14 -1.338673e-09 
  6.654604e-14 -1.069231e-09 
  6.657939e-14 -8.179243e-10 
  6.661275e-14 -5.880429e-10 
  6.664611e-14 -3.824724e-10 
  6.667946e-14 -2.037267e-10 
  6.671282e-14 -5.398341e-11 
  6.674618e-14 6.494687e-11 
  6.677953e-14 1.517176e-10 
  6.681289e-14 2.055292e-10 
  6.684624e-14 2.261249e-10 
  6.687960e-14 2.137120e-10 
  6.691296e-14 1.688958e-10 
  6.694631e-14 9.269624e-11 
  6.697967e-14 -1.337987e-11 
  6.701303e-14 -1.473041e-10 
  6.704638e-14 -3.065900e-10 
  6.707974e-14 -4.884189e-10 
  6.711310e-14 -6.897320e-10 
  6.714645e-14 -9.072391e-10 
  6.717981e-14 -1.137387e-09 
  6.721317e-14 -1.376374e-09 
  6.724652e-14 -1.620254e-09 
  6.727988e-14 -1.865062e-09 
  6.731323e-14 -2.106895e-09 
  6.734659e-14 -2.341911e-09 
  6.737995e-14 -2.566307e-09 
  6.741330e-14 -2.776366e-09 
  6.744666e-14 -2.968575e-09 
  6.748002e-14 -3.139736e-09 
  6.751337e-14 -3.287001e-09 
  6.754673e-14 -3.407852e-09 
  6.758009e-14 -3.500088e-09 
  6.761344e-14 -3.561890e-09 
  6.764680e-14 -3.591920e-09 
  6.768015e-14 -3.589378e-09 
  6.771351e-14 -3.553958e-09 
  6.774687e-14 -3.485770e-09 
  6.778022e-14 -3.385320e-09 
  6.781358e-14 -3.253570e-09 
  6.784694e-14 -3.092010e-09 
  6.788029e-14 -2.902653e-09 
  6.791365e-14 -2.687905e-09 
  6.794701e-14 -2.450453e-09 
  6.798036e-14 -2.193234e-09 
  6.801372e-14 -1.919513e-09 
  6.804708e-14 -1.632929e-09 
  6.808043e-14 -1.337433e-09 
  6.811379e-14 -1.037099e-09 
  6.814714e-14 -7.359746e-10 
  6.818050e-14 -4.380557e-10 
  6.821386e-14 -1.473616e-10 
  6.824721e-14 1.320278e-10 
  6.828057e-14 3.960796e-10 
  6.831393e-14 6.410074e-10 
  6.834728e-14 8.634089e-10 
  6.838064e-14 1.060241e-09 
  6.841400e-14 1.228696e-09 
  6.844735e-14 1.366157e-09 
  6.848071e-14 1.470309e-09 
  6.851407e-14 1.539347e-09 
  6.854742e-14 1.572089e-09 
  6.858078e-14 1.567916e-09 
  6.861413e-14 1.526617e-09 
  6.864749e-14 1.448311e-09 
  6.868085e-14 1.333526e-09 
  6.871420e-14 1.183346e-09 
  6.874756e-14 9.994672e-10 
  6.878092e-14 7.840917e-10 
  6.881427e-14 5.397470e-10 
  6.884763e-14 2.691960e-10 
  6.888099e-14 -2.451127e-11 
  6.891434e-14 -3.379373e-10 
  6.894770e-14 -6.672536e-10 
  6.898105e-14 -1.008380e-09 
  6.901441e-14 -1.357169e-09 
  6.904777e-14 -1.709502e-09 
  6.908112e-14 -2.061252e-09 
  6.911448e-14 -2.408231e-09 
  6.914784e-14 -2.746202e-09 
  6.918119e-14 -3.071018e-09 
  6.921455e-14 -3.378776e-09 
  6.924791e-14 -3.665900e-09 
  6.928126e-14 -3.929127e-09 
  6.931462e-14 -4.165471e-09 
  6.934798e-14 -4.372239e-09 
  6.938133e-14 -4.547114e-09 
  6.941469e-14 -4.688239e-09 
  6.944804e-14 -4.794243e-09 
  6.948140e-14 -4.864219e-09 
  6.951476e-14 -4.897710e-09 
  6.954811e-14 -4.894711e-09 
  6.958147e-14 -4.855709e-09 
  6.961483e-14 -4.781687e-09 
  6.964818e-14 -4.674095e-09 
  6.968154e-14 -4.534808e-09 
  6.971490e-14 -4.366102e-09 
  6.974825e-14 -4.170630e-09 
  6.978161e-14 -3.951387e-09 
  6.981497e-14 -3.711654e-09 
  6.984832e-14 -3.454933e-09 
  6.988168e-14 -3.184906e-09 
  6.991503e-14 -2.905429e-09 
  6.994839e-14 -2.620500e-09 
  6.998175e-14 -2.334178e-09 
  7.001510e-14 -2.050476e-09 
  7.004846e-14 -1.773278e-09 
  7.008182e-14 -1.506328e-09 
  7.011517e-14 -1.253235e-09 
  7.014853e-14 -1.017454e-09 
  7.018189e-14 -8.021830e-10 
  7.021524e-14 -6.102461e-10 
  7.024860e-14 -4.440296e-10 
  7.028195e-14 -3.055115e-10 
  7.031531e-14 -1.963194e-10 
  7.034867e-14 -1.177342e-10 
  7.038202e-14 -7.061262e-11 
  7.041538e-14 -5.529375e-11 
  7.044874e-14 -7.157965e-11 
  7.048209e-14 -1.188063e-10 
  7.051545e-14 -1.959308e-10 
  7.054881e-14 -3.015483e-10 
  7.058216e-14 -4.338357e-10 
  7.061552e-14 -5.905038e-10 
  7.064888e-14 -7.688394e-10 
  7.068223e-14 -9.658275e-10 
  7.071559e-14 -1.178266e-09 
  7.074894e-14 -1.402800e-09 
  7.078230e-14 -1.635892e-09 
  7.081566e-14 -1.873814e-09 
  7.084901e-14 -2.112726e-09 
  7.088237e-14 -2.348801e-09 
  7.091573e-14 -2.578318e-09 
  7.094908e-14 -2.797679e-09 
 