 0 0 
  3.335641e-17 0 
  6.671282e-17 0 
  1.000692e-16 0 
  1.334256e-16 0 
  1.667820e-16 0 
  2.001385e-16 0 
  2.334949e-16 0 
  2.668513e-16 0 
  3.002077e-16 0 
  3.335641e-16 0 
  3.669205e-16 0 
  4.002769e-16 0 
  4.336333e-16 0 
  4.669897e-16 0 
  5.003461e-16 0 
  5.337026e-16 0 
  5.670590e-16 0 
  6.004154e-16 0 
  6.337718e-16 0 
  6.671282e-16 0 
  7.004846e-16 0 
  7.338410e-16 0 
  7.671974e-16 0 
  8.005538e-16 0 
  8.339102e-16 0 
  8.672666e-16 0 
  9.006231e-16 0 
  9.339795e-16 0 
  9.673359e-16 0 
  1.000692e-15 0 
  1.034049e-15 0 
  1.067405e-15 0 
  1.100762e-15 0 
  1.134118e-15 0 
  1.167474e-15 0 
  1.200831e-15 0 
  1.234187e-15 0 
  1.267544e-15 0 
  1.300900e-15 0 
  1.334256e-15 0 
  1.367613e-15 0 
  1.400969e-15 0 
  1.434326e-15 0 
  1.467682e-15 0 
  1.501038e-15 0 
  1.534395e-15 0 
  1.567751e-15 0 
  1.601108e-15 0 
  1.634464e-15 0 
  1.667820e-15 0 
  1.701177e-15 0 
  1.734533e-15 0 
  1.767890e-15 0 
  1.801246e-15 0 
  1.834603e-15 0 
  1.867959e-15 0 
  1.901315e-15 0 
  1.934672e-15 0 
  1.968028e-15 0 
  2.001385e-15 0 
  2.034741e-15 0 
  2.068097e-15 0 
  2.101454e-15 0 
  2.134810e-15 0 
  2.168167e-15 0 
  2.201523e-15 0 
  2.234879e-15 0 
  2.268236e-15 0 
  2.301592e-15 0 
  2.334949e-15 0 
  2.368305e-15 0 
  2.401661e-15 0 
  2.435018e-15 0 
  2.468374e-15 0 
  2.501731e-15 0 
  2.535087e-15 0 
  2.568444e-15 0 
  2.601800e-15 0 
  2.635156e-15 0 
  2.668513e-15 0 
  2.701869e-15 0 
  2.735226e-15 0 
  2.768582e-15 0 
  2.801938e-15 0 
  2.835295e-15 0 
  2.868651e-15 0 
  2.902008e-15 0 
  2.935364e-15 0 
  2.968720e-15 0 
  3.002077e-15 0 
  3.035433e-15 0 
  3.068790e-15 0 
  3.102146e-15 0 
  3.135502e-15 0 
  3.168859e-15 0 
  3.202215e-15 0 
  3.235572e-15 0 
  3.268928e-15 0 
  3.302285e-15 0 
  3.335641e-15 0 
  3.368997e-15 0 
  3.402354e-15 0 
  3.435710e-15 0 
  3.469067e-15 0 
  3.502423e-15 0 
  3.535779e-15 0 
  3.569136e-15 0 
  3.602492e-15 0 
  3.635849e-15 0 
  3.669205e-15 0 
  3.702561e-15 0 
  3.735918e-15 0 
  3.769274e-15 0 
  3.802631e-15 0 
  3.835987e-15 0 
  3.869344e-15 0 
  3.902700e-15 0 
  3.936056e-15 0 
  3.969413e-15 0 
  4.002769e-15 0 
  4.036126e-15 0 
  4.069482e-15 0 
  4.102838e-15 0 
  4.136195e-15 0 
  4.169551e-15 0 
  4.202908e-15 0 
  4.236264e-15 0 
  4.269620e-15 0 
  4.302977e-15 0 
  4.336333e-15 0 
  4.369690e-15 0 
  4.403046e-15 0 
  4.436402e-15 0 
  4.469759e-15 0 
  4.503115e-15 0 
  4.536472e-15 0 
  4.569828e-15 0 
  4.603185e-15 0 
  4.636541e-15 0 
  4.669897e-15 0 
  4.703254e-15 0 
  4.736610e-15 0 
  4.769967e-15 0 
  4.803323e-15 0 
  4.836679e-15 0 
  4.870036e-15 0 
  4.903392e-15 0 
  4.936749e-15 0 
  4.970105e-15 0 
  5.003461e-15 0 
  5.036818e-15 0 
  5.070174e-15 0 
  5.103531e-15 0 
  5.136887e-15 0 
  5.170243e-15 0 
  5.203600e-15 0 
  5.236956e-15 0 
  5.270313e-15 0 
  5.303669e-15 0 
  5.337026e-15 0 
  5.370382e-15 0 
  5.403738e-15 0 
  5.437095e-15 0 
  5.470451e-15 0 
  5.503808e-15 0 
  5.537164e-15 0 
  5.570520e-15 0 
  5.603877e-15 0 
  5.637233e-15 0 
  5.670590e-15 0 
  5.703946e-15 0 
  5.737302e-15 0 
  5.770659e-15 0 
  5.804015e-15 0 
  5.837372e-15 0 
  5.870728e-15 0 
  5.904084e-15 0 
  5.937441e-15 0 
  5.970797e-15 0 
  6.004154e-15 0 
  6.037510e-15 0 
  6.070867e-15 0 
  6.104223e-15 0 
  6.137579e-15 0 
  6.170936e-15 0 
  6.204292e-15 0 
  6.237649e-15 0 
  6.271005e-15 0 
  6.304361e-15 0 
  6.337718e-15 0 
  6.371074e-15 0 
  6.404431e-15 0 
  6.437787e-15 0 
  6.471143e-15 0 
  6.504500e-15 0 
  6.537856e-15 0 
  6.571213e-15 0 
  6.604569e-15 0 
  6.637925e-15 0 
  6.671282e-15 0 
  6.704638e-15 0 
  6.737995e-15 0 
  6.771351e-15 0 
  6.804708e-15 0 
  6.838064e-15 0 
  6.871420e-15 0 
  6.904777e-15 0 
  6.938133e-15 0 
  6.971490e-15 0 
  7.004846e-15 0 
  7.038202e-15 0 
  7.071559e-15 0 
  7.104915e-15 0 
  7.138272e-15 0 
  7.171628e-15 0 
  7.204984e-15 0 
  7.238341e-15 0 
  7.271697e-15 0 
  7.305054e-15 0 
  7.338410e-15 0 
  7.371767e-15 0 
  7.405123e-15 0 
  7.438479e-15 0 
  7.471836e-15 0 
  7.505192e-15 0 
  7.538549e-15 0 
  7.571905e-15 0 
  7.605261e-15 0 
  7.638618e-15 0 
  7.671974e-15 0 
  7.705331e-15 0 
  7.738687e-15 0 
  7.772043e-15 0 
  7.805400e-15 0 
  7.838756e-15 0 
  7.872113e-15 0 
  7.905469e-15 0 
  7.938825e-15 0 
  7.972182e-15 0 
  8.005538e-15 0 
  8.038895e-15 0 
  8.072251e-15 0 
  8.105608e-15 0 
  8.138964e-15 0 
  8.172320e-15 0 
  8.205677e-15 0 
  8.239033e-15 0 
  8.272390e-15 0 
  8.305746e-15 0 
  8.339102e-15 0 
  8.372459e-15 0 
  8.405815e-15 0 
  8.439172e-15 0 
  8.472528e-15 0 
  8.505884e-15 0 
  8.539241e-15 0 
  8.572597e-15 0 
  8.605954e-15 0 
  8.639310e-15 0 
  8.672666e-15 0 
  8.706023e-15 0 
  8.739379e-15 0 
  8.772736e-15 0 
  8.806092e-15 0 
  8.839449e-15 0 
  8.872805e-15 0 
  8.906161e-15 0 
  8.939518e-15 0 
  8.972874e-15 0 
  9.006231e-15 0 
  9.039587e-15 0 
  9.072943e-15 0 
  9.106300e-15 0 
  9.139656e-15 0 
  9.173013e-15 0 
  9.206369e-15 0 
  9.239725e-15 0 
  9.273082e-15 0 
  9.306438e-15 0 
  9.339795e-15 0 
  9.373151e-15 0 
  9.406507e-15 0 
  9.439864e-15 0 
  9.473220e-15 0 
  9.506577e-15 0 
  9.539933e-15 0 
  9.573290e-15 0 
  9.606646e-15 0 
  9.640002e-15 0 
  9.673359e-15 0 
  9.706715e-15 0 
  9.740072e-15 0 
  9.773428e-15 0 
  9.806784e-15 0 
  9.840141e-15 0 
  9.873497e-15 0 
  9.906854e-15 0 
  9.940210e-15 0 
  9.973566e-15 0 
  1.000692e-14 0 
  1.004028e-14 0 
  1.007364e-14 0 
  1.010699e-14 0 
  1.014035e-14 0 
  1.017370e-14 0 
  1.020706e-14 0 
  1.024042e-14 0 
  1.027377e-14 0 
  1.030713e-14 0 
  1.034049e-14 0 
  1.037384e-14 0 
  1.040720e-14 0 
  1.044056e-14 0 
  1.047391e-14 0 
  1.050727e-14 0 
  1.054063e-14 0 
  1.057398e-14 0 
  1.060734e-14 0 
  1.064069e-14 0 
  1.067405e-14 0 
  1.070741e-14 0 
  1.074076e-14 0 
  1.077412e-14 0 
  1.080748e-14 0 
  1.084083e-14 0 
  1.087419e-14 0 
  1.090755e-14 0 
  1.094090e-14 0 
  1.097426e-14 0 
  1.100762e-14 0 
  1.104097e-14 0 
  1.107433e-14 0 
  1.110768e-14 0 
  1.114104e-14 0 
  1.117440e-14 0 
  1.120775e-14 0 
  1.124111e-14 0 
  1.127447e-14 0 
  1.130782e-14 0 
  1.134118e-14 0 
  1.137454e-14 0 
  1.140789e-14 0 
  1.144125e-14 0 
  1.147460e-14 0 
  1.150796e-14 0 
  1.154132e-14 0 
  1.157467e-14 0 
  1.160803e-14 0 
  1.164139e-14 0 
  1.167474e-14 0 
  1.170810e-14 0 
  1.174146e-14 0 
  1.177481e-14 0 
  1.180817e-14 0 
  1.184153e-14 0 
  1.187488e-14 0 
  1.190824e-14 0 
  1.194159e-14 0 
  1.197495e-14 0 
  1.200831e-14 0 
  1.204166e-14 0 
  1.207502e-14 0 
  1.210838e-14 0 
  1.214173e-14 0 
  1.217509e-14 0 
  1.220845e-14 0 
  1.224180e-14 0 
  1.227516e-14 0 
  1.230852e-14 0 
  1.234187e-14 0 
  1.237523e-14 0 
  1.240858e-14 0 
  1.244194e-14 0 
  1.247530e-14 0 
  1.250865e-14 0 
  1.254201e-14 0 
  1.257537e-14 0 
  1.260872e-14 0 
  1.264208e-14 0 
  1.267544e-14 0 
  1.270879e-14 0 
  1.274215e-14 0 
  1.277550e-14 0 
  1.280886e-14 0 
  1.284222e-14 0 
  1.287557e-14 0 
  1.290893e-14 0 
  1.294229e-14 0 
  1.297564e-14 0 
  1.300900e-14 0 
  1.304236e-14 0 
  1.307571e-14 0 
  1.310907e-14 0 
  1.314243e-14 0 
  1.317578e-14 0 
  1.320914e-14 0 
  1.324249e-14 0 
  1.327585e-14 0 
  1.330921e-14 0 
  1.334256e-14 0 
  1.337592e-14 0 
  1.340928e-14 0 
  1.344263e-14 0 
  1.347599e-14 0 
  1.350935e-14 0 
  1.354270e-14 0 
  1.357606e-14 0 
  1.360942e-14 0 
  1.364277e-14 0 
  1.367613e-14 0 
  1.370948e-14 0 
  1.374284e-14 0 
  1.377620e-14 0 
  1.380955e-14 0 
  1.384291e-14 0 
  1.387627e-14 0 
  1.390962e-14 0 
  1.394298e-14 0 
  1.397634e-14 0 
  1.400969e-14 0 
  1.404305e-14 0 
  1.407640e-14 0 
  1.410976e-14 0 
  1.414312e-14 0 
  1.417647e-14 0 
  1.420983e-14 0 
  1.424319e-14 0 
  1.427654e-14 0 
  1.430990e-14 0 
  1.434326e-14 0 
  1.437661e-14 0 
  1.440997e-14 0 
  1.444333e-14 0 
  1.447668e-14 0 
  1.451004e-14 0 
  1.454339e-14 0 
  1.457675e-14 0 
  1.461011e-14 0 
  1.464346e-14 0 
  1.467682e-14 0 
  1.471018e-14 0 
  1.474353e-14 0 
  1.477689e-14 0 
  1.481025e-14 0 
  1.484360e-14 0 
  1.487696e-14 0 
  1.491032e-14 0 
  1.494367e-14 0 
  1.497703e-14 0 
  1.501038e-14 0 
  1.504374e-14 0 
  1.507710e-14 0 
  1.511045e-14 0 
  1.514381e-14 0 
  1.517717e-14 0 
  1.521052e-14 0 
  1.524388e-14 0 
  1.527724e-14 0 
  1.531059e-14 0 
  1.534395e-14 0 
  1.537730e-14 0 
  1.541066e-14 0 
  1.544402e-14 0 
  1.547737e-14 0 
  1.551073e-14 0 
  1.554409e-14 0 
  1.557744e-14 0 
  1.561080e-14 0 
  1.564416e-14 0 
  1.567751e-14 0 
  1.571087e-14 0 
  1.574423e-14 0 
  1.577758e-14 0 
  1.581094e-14 0 
  1.584429e-14 0 
  1.587765e-14 0 
  1.591101e-14 0 
  1.594436e-14 0 
  1.597772e-14 0 
  1.601108e-14 0 
  1.604443e-14 0 
  1.607779e-14 0 
  1.611115e-14 0 
  1.614450e-14 0 
  1.617786e-14 0 
  1.621122e-14 0 
  1.624457e-14 0 
  1.627793e-14 0 
  1.631128e-14 0 
  1.634464e-14 0 
  1.637800e-14 0 
  1.641135e-14 0 
  1.644471e-14 0 
  1.647807e-14 0 
  1.651142e-14 0 
  1.654478e-14 0 
  1.657814e-14 0 
  1.661149e-14 0 
  1.664485e-14 0 
  1.667820e-14 0 
  1.671156e-14 0 
  1.674492e-14 0 
  1.677827e-14 0 
  1.681163e-14 0 
  1.684499e-14 0 
  1.687834e-14 0 
  1.691170e-14 0 
  1.694506e-14 0 
  1.697841e-14 0 
  1.701177e-14 0 
  1.704513e-14 0 
  1.707848e-14 0 
  1.711184e-14 0 
  1.714519e-14 0 
  1.717855e-14 0 
  1.721191e-14 0 
  1.724526e-14 0 
  1.727862e-14 0 
  1.731198e-14 0 
  1.734533e-14 0 
  1.737869e-14 0 
  1.741205e-14 0 
  1.744540e-14 0 
  1.747876e-14 0 
  1.751211e-14 0 
  1.754547e-14 0 
  1.757883e-14 0 
  1.761218e-14 0 
  1.764554e-14 0 
  1.767890e-14 0 
  1.771225e-14 0 
  1.774561e-14 0 
  1.777897e-14 0 
  1.781232e-14 0 
  1.784568e-14 0 
  1.787904e-14 0 
  1.791239e-14 0 
  1.794575e-14 0 
  1.797910e-14 0 
  1.801246e-14 0 
  1.804582e-14 0 
  1.807917e-14 0 
  1.811253e-14 0 
  1.814589e-14 0 
  1.817924e-14 0 
  1.821260e-14 0 
  1.824596e-14 0 
  1.827931e-14 0 
  1.831267e-14 0 
  1.834603e-14 0 
  1.837938e-14 0 
  1.841274e-14 0 
  1.844609e-14 0 
  1.847945e-14 0 
  1.851281e-14 0 
  1.854616e-14 0 
  1.857952e-14 0 
  1.861288e-14 0 
  1.864623e-14 0 
  1.867959e-14 0 
  1.871295e-14 0 
  1.874630e-14 0 
  1.877966e-14 0 
  1.881301e-14 0 
  1.884637e-14 0 
  1.887973e-14 0 
  1.891308e-14 0 
  1.894644e-14 0 
  1.897980e-14 0 
  1.901315e-14 0 
  1.904651e-14 0 
  1.907987e-14 0 
  1.911322e-14 0 
  1.914658e-14 0 
  1.917994e-14 0 
  1.921329e-14 0 
  1.924665e-14 0 
  1.928000e-14 0 
  1.931336e-14 0 
  1.934672e-14 0 
  1.938007e-14 0 
  1.941343e-14 0 
  1.944679e-14 0 
  1.948014e-14 0 
  1.951350e-14 0 
  1.954686e-14 0 
  1.958021e-14 0 
  1.961357e-14 0 
  1.964693e-14 0 
  1.968028e-14 0 
  1.971364e-14 0 
  1.974699e-14 0 
  1.978035e-14 0 
  1.981371e-14 0 
  1.984706e-14 0 
  1.988042e-14 0 
  1.991378e-14 0 
  1.994713e-14 0 
  1.998049e-14 0 
  2.001385e-14 0 
  2.004720e-14 0 
  2.008056e-14 0 
  2.011391e-14 0 
  2.014727e-14 0 
  2.018063e-14 0 
  2.021398e-14 0 
  2.024734e-14 0 
  2.028070e-14 0 
  2.031405e-14 0 
  2.034741e-14 0 
  2.038077e-14 0 
  2.041412e-14 0 
  2.044748e-14 0 
  2.048084e-14 0 
  2.051419e-14 0 
  2.054755e-14 0 
  2.058090e-14 0 
  2.061426e-14 0 
  2.064762e-14 0 
  2.068097e-14 0 
  2.071433e-14 0 
  2.074769e-14 0 
  2.078104e-14 0 
  2.081440e-14 0 
  2.084776e-14 0 
  2.088111e-14 0 
  2.091447e-14 0 
  2.094783e-14 0 
  2.098118e-14 0 
  2.101454e-14 0 
  2.104789e-14 0 
  2.108125e-14 0 
  2.111461e-14 0 
  2.114796e-14 0 
  2.118132e-14 0 
  2.121468e-14 0 
  2.124803e-14 0 
  2.128139e-14 0 
  2.131475e-14 0 
  2.134810e-14 0 
  2.138146e-14 0 
  2.141481e-14 0 
  2.144817e-14 0 
  2.148153e-14 0 
  2.151488e-14 0 
  2.154824e-14 0 
  2.158160e-14 0 
  2.161495e-14 0 
  2.164831e-14 0 
  2.168167e-14 0 
  2.171502e-14 0 
  2.174838e-14 0 
  2.178174e-14 0 
  2.181509e-14 0 
  2.184845e-14 0 
  2.188180e-14 0 
  2.191516e-14 0 
  2.194852e-14 0 
  2.198187e-14 0 
  2.201523e-14 0 
  2.204859e-14 0 
  2.208194e-14 0 
  2.211530e-14 0 
  2.214866e-14 0 
  2.218201e-14 0 
  2.221537e-14 0 
  2.224873e-14 0 
  2.228208e-14 0 
  2.231544e-14 0 
  2.234879e-14 0 
  2.238215e-14 0 
  2.241551e-14 0 
  2.244886e-14 0 
  2.248222e-14 0 
  2.251558e-14 0 
  2.254893e-14 0 
  2.258229e-14 0 
  2.261565e-14 0 
  2.264900e-14 0 
  2.268236e-14 0 
  2.271571e-14 0 
  2.274907e-14 0 
  2.278243e-14 0 
  2.281578e-14 0 
  2.284914e-14 0 
  2.288250e-14 0 
  2.291585e-14 0 
  2.294921e-14 0 
  2.298257e-14 0 
  2.301592e-14 0 
  2.304928e-14 0 
  2.308264e-14 0 
  2.311599e-14 0 
  2.314935e-14 0 
  2.318270e-14 0 
  2.321606e-14 0 
  2.324942e-14 0 
  2.328277e-14 0 
  2.331613e-14 0 
  2.334949e-14 0 
  2.338284e-14 0 
  2.341620e-14 0 
  2.344956e-14 0 
  2.348291e-14 0 
  2.351627e-14 0 
  2.354963e-14 0 
  2.358298e-14 0 
  2.361634e-14 0 
  2.364969e-14 0 
  2.368305e-14 0 
  2.371641e-14 0 
  2.374976e-14 0 
  2.378312e-14 0 
  2.381648e-14 0 
  2.384983e-14 0 
  2.388319e-14 0 
  2.391655e-14 0 
  2.394990e-14 0 
  2.398326e-14 0 
  2.401661e-14 0 
  2.404997e-14 0 
  2.408333e-14 0 
  2.411668e-14 0 
  2.415004e-14 0 
  2.418340e-14 0 
  2.421675e-14 0 
  2.425011e-14 0 
  2.428347e-14 0 
  2.431682e-14 0 
  2.435018e-14 0 
  2.438354e-14 0 
  2.441689e-14 0 
  2.445025e-14 0 
  2.448360e-14 0 
  2.451696e-14 0 
  2.455032e-14 0 
  2.458367e-14 0 
  2.461703e-14 0 
  2.465039e-14 0 
  2.468374e-14 0 
  2.471710e-14 0 
  2.475046e-14 0 
  2.478381e-14 0 
  2.481717e-14 0 
  2.485053e-14 0 
  2.488388e-14 0 
  2.491724e-14 0 
  2.495059e-14 0 
  2.498395e-14 0 
  2.501731e-14 0 
  2.505066e-14 0 
  2.508402e-14 0 
  2.511738e-14 0 
  2.515073e-14 0 
  2.518409e-14 0 
  2.521745e-14 0 
  2.525080e-14 0 
  2.528416e-14 0 
  2.531751e-14 0 
  2.535087e-14 0 
  2.538423e-14 0 
  2.541758e-14 0 
  2.545094e-14 0 
  2.548430e-14 0 
  2.551765e-14 0 
  2.555101e-14 0 
  2.558437e-14 0 
  2.561772e-14 0 
  2.565108e-14 0 
  2.568444e-14 0 
  2.571779e-14 0 
  2.575115e-14 0 
  2.578450e-14 0 
  2.581786e-14 0 
  2.585122e-14 0 
  2.588457e-14 0 
  2.591793e-14 0 
  2.595129e-14 0 
  2.598464e-14 0 
  2.601800e-14 0 
  2.605136e-14 0 
  2.608471e-14 0 
  2.611807e-14 0 
  2.615143e-14 0 
  2.618478e-14 0 
  2.621814e-14 0 
  2.625149e-14 0 
  2.628485e-14 0 
  2.631821e-14 0 
  2.635156e-14 0 
  2.638492e-14 0 
  2.641828e-14 0 
  2.645163e-14 0 
  2.648499e-14 0 
  2.651835e-14 0 
  2.655170e-14 0 
  2.658506e-14 0 
  2.661841e-14 0 
  2.665177e-14 0 
  2.668513e-14 0 
  2.671848e-14 0 
  2.675184e-14 0 
  2.678520e-14 0 
  2.681855e-14 0 
  2.685191e-14 0 
  2.688527e-14 0 
  2.691862e-14 0 
  2.695198e-14 0 
  2.698534e-14 0 
  2.701869e-14 0 
  2.705205e-14 0 
  2.708540e-14 0 
  2.711876e-14 0 
  2.715212e-14 0 
  2.718547e-14 0 
  2.721883e-14 0 
  2.725219e-14 0 
  2.728554e-14 0 
  2.731890e-14 0 
  2.735226e-14 0 
  2.738561e-14 0 
  2.741897e-14 0 
  2.745233e-14 0 
  2.748568e-14 0 
  2.751904e-14 0 
  2.755239e-14 0 
  2.758575e-14 0 
  2.761911e-14 0 
  2.765246e-14 0 
  2.768582e-14 0 
  2.771918e-14 0 
  2.775253e-14 0 
  2.778589e-14 0 
  2.781925e-14 0 
  2.785260e-14 0 
  2.788596e-14 0 
  2.791931e-14 0 
  2.795267e-14 0 
  2.798603e-14 0 
  2.801938e-14 0 
  2.805274e-14 0 
  2.808610e-14 0 
  2.811945e-14 0 
  2.815281e-14 0 
  2.818617e-14 0 
  2.821952e-14 0 
  2.825288e-14 0 
  2.828624e-14 0 
  2.831959e-14 0 
  2.835295e-14 0 
  2.838630e-14 0 
  2.841966e-14 0 
  2.845302e-14 0 
  2.848637e-14 0 
  2.851973e-14 0 
  2.855309e-14 0 
  2.858644e-14 0 
  2.861980e-14 0 
  2.865316e-14 0 
  2.868651e-14 0 
  2.871987e-14 0 
  2.875323e-14 0 
  2.878658e-14 0 
  2.881994e-14 0 
  2.885329e-14 0 
  2.888665e-14 0 
  2.892001e-14 0 
  2.895336e-14 0 
  2.898672e-14 0 
  2.902008e-14 0 
  2.905343e-14 0 
  2.908679e-14 0 
  2.912015e-14 0 
  2.915350e-14 0 
  2.918686e-14 0 
  2.922021e-14 0 
  2.925357e-14 0 
  2.928693e-14 0 
  2.932028e-14 0 
  2.935364e-14 0 
  2.938700e-14 0 
  2.942035e-14 0 
  2.945371e-14 0 
  2.948707e-14 0 
  2.952042e-14 0 
  2.955378e-14 0 
  2.958714e-14 0 
  2.962049e-14 0 
  2.965385e-14 0 
  2.968720e-14 0 
  2.972056e-14 0 
  2.975392e-14 0 
  2.978727e-14 0 
  2.982063e-14 0 
  2.985399e-14 0 
  2.988734e-14 0 
  2.992070e-14 0 
  2.995406e-14 0 
  2.998741e-14 0 
  3.002077e-14 0 
  3.005412e-14 0 
  3.008748e-14 0 
  3.012084e-14 0 
  3.015419e-14 0 
  3.018755e-14 0 
  3.022091e-14 0 
  3.025426e-14 0 
  3.028762e-14 0 
  3.032098e-14 0 
  3.035433e-14 0 
  3.038769e-14 0 
  3.042105e-14 0 
  3.045440e-14 0 
  3.048776e-14 0 
  3.052111e-14 0 
  3.055447e-14 0 
  3.058783e-14 0 
  3.062118e-14 0 
  3.065454e-14 0 
  3.068790e-14 0 
  3.072125e-14 0 
  3.075461e-14 0 
  3.078797e-14 0 
  3.082132e-14 0 
  3.085468e-14 0 
  3.088804e-14 0 
  3.092139e-14 0 
  3.095475e-14 0 
  3.098810e-14 0 
  3.102146e-14 0 
  3.105482e-14 0 
  3.108817e-14 0 
  3.112153e-14 0 
  3.115489e-14 0 
  3.118824e-14 0 
  3.122160e-14 0 
  3.125496e-14 0 
  3.128831e-14 0 
  3.132167e-14 0 
  3.135502e-14 0 
  3.138838e-14 0 
  3.142174e-14 0 
  3.145509e-14 0 
  3.148845e-14 0 
  3.152181e-14 0 
  3.155516e-14 0 
  3.158852e-14 0 
  3.162188e-14 0 
  3.165523e-14 0 
  3.168859e-14 0 
  3.172195e-14 0 
  3.175530e-14 0 
  3.178866e-14 0 
  3.182201e-14 0 
  3.185537e-14 0 
  3.188873e-14 0 
  3.192208e-14 0 
  3.195544e-14 0 
  3.198880e-14 0 
  3.202215e-14 0 
  3.205551e-14 0 
  3.208887e-14 0 
  3.212222e-14 0 
  3.215558e-14 0 
  3.218894e-14 0 
  3.222229e-14 0 
  3.225565e-14 0 
  3.228900e-14 0 
  3.232236e-14 0 
  3.235572e-14 0 
  3.238907e-14 0 
  3.242243e-14 0 
  3.245579e-14 0 
  3.248914e-14 0 
  3.252250e-14 0 
  3.255586e-14 0 
  3.258921e-14 0 
  3.262257e-14 0 
  3.265592e-14 0 
  3.268928e-14 0 
  3.272264e-14 0 
  3.275599e-14 0 
  3.278935e-14 0 
  3.282271e-14 0 
  3.285606e-14 0 
  3.288942e-14 0 
  3.292278e-14 0 
  3.295613e-14 0 
  3.298949e-14 0 
  3.302285e-14 0 
  3.305620e-14 0 
  3.308956e-14 0 
  3.312291e-14 0 
  3.315627e-14 0 
  3.318963e-14 0 
  3.322298e-14 0 
  3.325634e-14 0 
  3.328970e-14 0 
  3.332305e-14 0 
  3.335641e-14 0 
  3.338977e-14 0 
  3.342312e-14 0 
  3.345648e-14 0 
  3.348984e-14 0 
  3.352319e-14 0 
  3.355655e-14 0 
  3.358990e-14 0 
  3.362326e-14 0 
  3.365662e-14 0 
  3.368997e-14 0 
  3.372333e-14 0 
  3.375669e-14 0 
  3.379004e-14 0 
  3.382340e-14 0 
  3.385676e-14 0 
  3.389011e-14 0 
  3.392347e-14 0 
  3.395682e-14 0 
  3.399018e-14 0 
  3.402354e-14 0 
  3.405689e-14 0 
  3.409025e-14 0 
  3.412361e-14 0 
  3.415696e-14 0 
  3.419032e-14 0 
  3.422368e-14 0 
  3.425703e-14 0 
  3.429039e-14 0 
  3.432375e-14 0 
  3.435710e-14 0 
  3.439046e-14 0 
  3.442381e-14 0 
  3.445717e-14 0 
  3.449053e-14 0 
  3.452388e-14 0 
  3.455724e-14 0 
  3.459060e-14 0 
  3.462395e-14 0 
  3.465731e-14 0 
  3.469067e-14 0 
  3.472402e-14 0 
  3.475738e-14 0 
  3.479074e-14 0 
  3.482409e-14 0 
  3.485745e-14 0 
  3.489080e-14 0 
  3.492416e-14 0 
  3.495752e-14 0 
  3.499087e-14 0 
  3.502423e-14 0 
  3.505759e-14 0 
  3.509094e-14 0 
  3.512430e-14 0 
  3.515766e-14 0 
  3.519101e-14 0 
  3.522437e-14 0 
  3.525772e-14 0 
  3.529108e-14 0 
  3.532444e-14 0 
  3.535779e-14 0 
  3.539115e-14 0 
  3.542451e-14 0 
  3.545786e-14 0 
  3.549122e-14 5.319415e-02 
  3.552458e-14 5.261147e-02 
  3.555793e-14 5.190410e-02 
  3.559129e-14 5.107710e-02 
  3.562465e-14 5.013660e-02 
  3.565800e-14 4.908994e-02 
  3.569136e-14 4.794554e-02 
  3.572471e-14 4.671259e-02 
  3.575807e-14 4.540078e-02 
  3.579143e-14 4.402014e-02 
  3.582478e-14 4.258109e-02 
  3.585814e-14 4.109455e-02 
  3.589150e-14 3.957183e-02 
  3.592485e-14 3.802451e-02 
  3.595821e-14 3.646415e-02 
  3.599157e-14 3.490220e-02 
  3.602492e-14 3.334995e-02 
  3.605828e-14 3.181850e-02 
  3.609164e-14 3.031871e-02 
  3.612499e-14 2.886100e-02 
  3.615835e-14 2.745514e-02 
  3.619170e-14 2.611015e-02 
  3.622506e-14 2.483435e-02 
  3.625842e-14 2.363531e-02 
  3.629177e-14 2.251991e-02 
  3.632513e-14 2.149412e-02 
  3.635849e-14 2.056301e-02 
  3.639184e-14 1.973060e-02 
  3.642520e-14 1.899993e-02 
  3.645856e-14 1.837308e-02 
  3.649191e-14 1.785112e-02 
  3.652527e-14 1.743413e-02 
  3.655862e-14 1.712111e-02 
  3.659198e-14 1.691009e-02 
  3.662534e-14 1.679820e-02 
  3.665869e-14 1.678174e-02 
  3.669205e-14 1.685627e-02 
  3.672541e-14 1.701660e-02 
  3.675876e-14 1.725687e-02 
  3.679212e-14 1.757061e-02 
  3.682548e-14 1.795079e-02 
  3.685883e-14 1.838999e-02 
  3.689219e-14 1.888040e-02 
  3.692555e-14 1.941391e-02 
  3.695890e-14 1.998224e-02 
  3.699226e-14 2.057702e-02 
  3.702561e-14 2.118991e-02 
  3.705897e-14 2.181274e-02 
  3.709233e-14 2.243752e-02 
  3.712568e-14 2.305654e-02 
  3.715904e-14 2.366244e-02 
  3.719240e-14 2.424827e-02 
  3.722575e-14 2.480757e-02 
  3.725911e-14 2.533441e-02 
  3.729247e-14 2.582342e-02 
  3.732582e-14 2.626984e-02 
  3.735918e-14 2.666957e-02 
  3.739254e-14 2.701924e-02 
  3.742589e-14 2.731622e-02 
  3.745925e-14 2.755864e-02 
  3.749260e-14 2.774534e-02 
  3.752596e-14 2.787589e-02 
  3.755932e-14 2.795058e-02 
  3.759267e-14 2.797041e-02 
  3.762603e-14 2.793705e-02 
  3.765939e-14 2.785279e-02 
  3.769274e-14 2.772046e-02 
  3.772610e-14 2.754337e-02 
  3.775946e-14 2.732531e-02 
  3.779281e-14 2.707052e-02 
  3.782617e-14 2.678358e-02 
  3.785952e-14 2.646936e-02 
  3.789288e-14 2.613290e-02 
  3.792624e-14 2.577941e-02 
  3.795959e-14 2.541418e-02 
  3.799295e-14 2.504251e-02 
  3.802631e-14 2.466969e-02 
  3.805966e-14 2.430086e-02 
  3.809302e-14 2.394095e-02 
  3.812638e-14 2.359466e-02 
  3.815973e-14 2.326638e-02 
  3.819309e-14 2.296020e-02 
  3.822645e-14 2.267980e-02 
  3.825980e-14 2.242844e-02 
  3.829316e-14 2.220888e-02 
  3.832651e-14 2.202340e-02 
  3.835987e-14 2.187378e-02 
  3.839323e-14 2.176128e-02 
  3.842658e-14 2.168666e-02 
  3.845994e-14 2.165015e-02 
  3.849330e-14 2.165144e-02 
  3.852665e-14 2.168976e-02 
  3.856001e-14 2.176386e-02 
  3.859337e-14 2.187203e-02 
  3.862672e-14 2.201217e-02 
  3.866008e-14 2.218177e-02 
  3.869344e-14 2.237796e-02 
  3.872679e-14 2.259760e-02 
  3.876015e-14 2.283727e-02 
  3.879350e-14 2.309339e-02 
  3.882686e-14 2.336220e-02 
  3.886022e-14 2.363983e-02 
  3.889357e-14 2.392241e-02 
  3.892693e-14 2.420604e-02 
  3.896029e-14 2.448691e-02 
  3.899364e-14 2.476134e-02 
  3.902700e-14 2.502576e-02 
  3.906036e-14 2.527680e-02 
  3.909371e-14 2.551136e-02 
  3.912707e-14 2.572659e-02 
  3.916042e-14 2.591997e-02 
  3.919378e-14 2.608930e-02 
  3.922714e-14 2.623275e-02 
  3.926049e-14 2.634884e-02 
  3.929385e-14 2.643652e-02 
  3.932721e-14 2.649517e-02 
  3.936056e-14 2.652454e-02 
  3.939392e-14 2.652480e-02 
  3.942728e-14 2.649647e-02 
  3.946063e-14 2.644045e-02 
  3.949399e-14 2.635800e-02 
  3.952735e-14 2.625071e-02 
  3.956070e-14 2.612048e-02 
  3.959406e-14 2.596951e-02 
  3.962741e-14 2.580018e-02 
  3.966077e-14 2.561515e-02 
  3.969413e-14 2.541722e-02 
  3.972748e-14 2.520935e-02 
  3.976084e-14 2.499460e-02 
  3.979420e-14 2.477603e-02 
  3.982755e-14 2.455672e-02 
  3.986091e-14 2.433969e-02 
  3.989427e-14 2.412792e-02 
  3.992762e-14 2.392423e-02 
  3.996098e-14 2.373134e-02 
  3.999434e-14 2.355172e-02 
  4.002769e-14 2.338767e-02 
  4.006105e-14 2.324122e-02 
  4.009440e-14 2.311414e-02 
  4.012776e-14 2.300792e-02 
  4.016112e-14 2.292375e-02 
  4.019447e-14 2.286247e-02 
  4.022783e-14 2.282460e-02 
  4.026119e-14 2.281033e-02 
  4.029454e-14 2.281954e-02 
  4.032790e-14 2.285178e-02 
  4.036126e-14 2.290632e-02 
  4.039461e-14 2.298210e-02 
  4.042797e-14 2.307783e-02 
  4.046132e-14 2.319192e-02 
  4.049468e-14 2.332260e-02 
  4.052804e-14 2.346785e-02 
  4.056139e-14 2.362548e-02 
  4.059475e-14 2.379316e-02 
  4.062811e-14 2.396845e-02 
  4.066146e-14 2.414884e-02 
  4.069482e-14 2.433180e-02 
  4.072818e-14 2.451478e-02 
  4.076153e-14 2.469527e-02 
  4.079489e-14 2.487085e-02 
  4.082825e-14 2.503916e-02 
  4.086160e-14 2.519800e-02 
  4.089496e-14 2.534531e-02 
  4.092831e-14 2.547921e-02 
  4.096167e-14 2.559801e-02 
  4.099503e-14 2.570025e-02 
  4.102838e-14 2.578474e-02 
  4.106174e-14 2.585054e-02 
  4.109510e-14 2.589698e-02 
  4.112845e-14 2.592365e-02 
  4.116181e-14 2.593042e-02 
  4.119517e-14 2.591744e-02 
  4.122852e-14 2.588515e-02 
  4.126188e-14 2.583421e-02 
  4.129523e-14 2.576556e-02 
  4.132859e-14 2.568035e-02 
  4.136195e-14 2.557993e-02 
  4.139530e-14 2.546585e-02 
  4.142866e-14 2.533987e-02 
  4.146202e-14 2.520386e-02 
  4.149537e-14 2.505981e-02 
  4.152873e-14 2.490980e-02 
  4.156209e-14 2.475597e-02 
  4.159544e-14 2.460048e-02 
  4.162880e-14 2.444551e-02 
  4.166216e-14 2.429318e-02 
  4.169551e-14 2.414557e-02 
  4.172887e-14 2.400465e-02 
  4.176222e-14 2.387231e-02 
  4.179558e-14 2.375026e-02 
  4.182894e-14 2.364011e-02 
  4.186229e-14 2.354326e-02 
  4.189565e-14 2.346089e-02 
  4.192901e-14 2.339400e-02 
  4.196236e-14 2.334334e-02 
  4.199572e-14 2.330942e-02 
  4.202908e-14 2.329255e-02 
  4.206243e-14 2.329277e-02 
  4.209579e-14 2.330990e-02 
  4.212915e-14 2.334353e-02 
  4.216250e-14 2.339303e-02 
  4.219586e-14 2.345755e-02 
  4.222921e-14 2.353606e-02 
  4.226257e-14 2.362733e-02 
  4.229593e-14 2.372998e-02 
  4.232928e-14 2.384245e-02 
  4.236264e-14 2.396311e-02 
  4.239600e-14 2.409018e-02 
  4.242935e-14 2.422184e-02 
  4.246271e-14 2.435621e-02 
  4.249607e-14 2.449139e-02 
  4.252942e-14 2.462548e-02 
  4.256278e-14 2.475665e-02 
  4.259613e-14 2.488311e-02 
  4.262949e-14 2.500314e-02 
  4.266285e-14 2.511515e-02 
  4.269620e-14 2.521767e-02 
  4.272956e-14 2.530936e-02 
  4.276292e-14 2.538904e-02 
  4.279627e-14 2.545574e-02 
  4.282963e-14 2.550861e-02 
  4.286299e-14 2.554705e-02 
  4.289634e-14 2.557064e-02 
  4.292970e-14 2.557917e-02 
  4.296306e-14 2.557267e-02 
  4.299641e-14 2.555136e-02 
  4.302977e-14 2.551566e-02 
  4.306312e-14 2.546619e-02 
  4.309648e-14 2.540376e-02 
  4.312984e-14 2.532932e-02 
  4.316319e-14 2.524403e-02 
  4.319655e-14 2.514916e-02 
  4.322991e-14 2.504607e-02 
  4.326326e-14 2.493627e-02 
  4.329662e-14 2.482132e-02 
  4.332998e-14 2.470285e-02 
  4.336333e-14 2.458253e-02 
  4.339669e-14 2.446205e-02 
  4.343005e-14 2.434306e-02 
  4.346340e-14 2.422719e-02 
  4.349676e-14 2.411601e-02 
  4.353011e-14 2.401102e-02 
  4.356347e-14 2.391362e-02 
  4.359683e-14 2.382508e-02 
  4.363018e-14 2.374656e-02 
  4.366354e-14 2.367904e-02 
  4.369690e-14 2.362337e-02 
  4.373025e-14 2.358022e-02 
  4.376361e-14 2.355008e-02 
  4.379697e-14 2.353326e-02 
  4.383032e-14 2.352987e-02 
  4.386368e-14 2.353983e-02 
  4.389703e-14 2.356291e-02 
  4.393039e-14 2.359865e-02 
  4.396375e-14 2.364647e-02 
  4.399710e-14 2.370560e-02 
  4.403046e-14 2.377512e-02 
  4.406382e-14 2.385398e-02 
  4.409717e-14 2.394101e-02 
  4.413053e-14 2.403494e-02 
  4.416389e-14 2.413441e-02 
  4.419724e-14 2.423797e-02 
  4.423060e-14 2.434414e-02 
  4.426396e-14 2.445143e-02 
  4.429731e-14 2.455833e-02 
  4.433067e-14 2.466335e-02 
  4.436402e-14 2.476504e-02 
  4.439738e-14 2.486200e-02 
  4.443074e-14 2.495292e-02 
  4.446409e-14 2.503657e-02 
  4.449745e-14 2.511185e-02 
  4.453081e-14 2.517776e-02 
  4.456416e-14 2.523344e-02 
  4.459752e-14 2.527818e-02 
  4.463088e-14 2.531142e-02 
  4.466423e-14 2.533278e-02 
  4.469759e-14 2.534204e-02 
  4.473095e-14 2.533916e-02 
  4.476430e-14 2.532425e-02 
  4.479766e-14 2.529760e-02 
  4.483101e-14 2.525965e-02 
  4.486437e-14 2.521103e-02 
  4.489773e-14 2.515246e-02 
  4.493108e-14 2.508484e-02 
  4.496444e-14 2.500913e-02 
  4.499780e-14 2.492645e-02 
  4.503115e-14 2.483797e-02 
  4.506451e-14 2.474496e-02 
  4.509787e-14 2.464875e-02 
  4.513122e-14 2.455067e-02 
  4.516458e-14 2.445210e-02 
  4.519793e-14 2.435439e-02 
  4.523129e-14 2.425889e-02 
  4.526465e-14 2.416692e-02 
  4.529800e-14 2.407971e-02 
  4.533136e-14 2.399844e-02 
  4.536472e-14 2.392418e-02 
  4.539807e-14 2.385792e-02 
  4.543143e-14 2.380050e-02 
  4.546479e-14 2.375267e-02 
  4.549814e-14 2.371502e-02 
  4.553150e-14 2.368800e-02 
  4.556486e-14 2.367191e-02 
  4.559821e-14 2.366689e-02 
  4.563157e-14 2.367293e-02 
  4.566492e-14 2.368988e-02 
  4.569828e-14 2.371741e-02 
  4.573164e-14 2.375506e-02 
  4.576499e-14 2.380224e-02 
  4.579835e-14 2.385823e-02 
  4.583171e-14 2.392218e-02 
  4.586506e-14 2.399316e-02 
  4.589842e-14 2.407014e-02 
  4.593178e-14 2.415200e-02 
  4.596513e-14 2.423756e-02 
  4.599849e-14 2.432562e-02 
  4.603185e-14 2.441492e-02 
  4.606520e-14 2.450419e-02 
  4.609856e-14 2.459219e-02 
  4.613191e-14 2.467768e-02 
  4.616527e-14 2.475950e-02 
  4.619863e-14 2.483653e-02 
  4.623198e-14 2.490772e-02 
  4.626534e-14 2.497212e-02 
  4.629870e-14 2.502887e-02 
  4.633205e-14 2.507723e-02 
  4.636541e-14 2.511656e-02 
  4.639877e-14 2.514637e-02 
  4.643212e-14 2.516629e-02 
  4.646548e-14 2.517609e-02 
  4.649883e-14 2.517567e-02 
  4.653219e-14 2.516511e-02 
  4.656555e-14 2.514460e-02 
  4.659890e-14 2.511449e-02 
  4.663226e-14 2.507526e-02 
  4.666562e-14 2.502749e-02 
  4.669897e-14 2.497189e-02 
  4.673233e-14 2.490928e-02 
  4.676569e-14 2.484056e-02 
  4.679904e-14 2.476671e-02 
  4.683240e-14 2.468879e-02 
  4.686576e-14 2.460789e-02 
  4.689911e-14 2.452514e-02 
  4.693247e-14 2.444170e-02 
  4.696582e-14 2.435874e-02 
  4.699918e-14 2.427741e-02 
  4.703254e-14 2.419881e-02 
  4.706589e-14 2.412403e-02 
  4.709925e-14 2.405407e-02 
  4.713261e-14 2.398987e-02 
  4.716596e-14 2.393228e-02 
  4.719932e-14 2.388207e-02 
  4.723268e-14 2.383989e-02 
  4.726603e-14 2.380627e-02 
  4.729939e-14 2.378164e-02 
  4.733275e-14 2.376629e-02 
  4.736610e-14 2.376037e-02 
  4.739946e-14 2.376393e-02 
  4.743281e-14 2.377684e-02 
  4.746617e-14 2.379887e-02 
  4.749953e-14 2.382966e-02 
  4.753288e-14 2.386873e-02 
  4.756624e-14 2.391548e-02 
  4.759960e-14 2.396923e-02 
  4.763295e-14 2.402917e-02 
  4.766631e-14 2.409445e-02 
  4.769967e-14 2.416414e-02 
  4.773302e-14 2.423723e-02 
  4.776638e-14 2.431269e-02 
  4.779973e-14 2.438947e-02 
  4.783309e-14 2.446648e-02 
  4.786645e-14 2.454264e-02 
  4.789980e-14 2.461691e-02 
  4.793316e-14 2.468825e-02 
  4.796652e-14 2.475569e-02 
  4.799987e-14 2.481829e-02 
  4.803323e-14 2.487521e-02 
  4.806659e-14 2.492568e-02 
  4.809994e-14 2.496904e-02 
  4.813330e-14 2.500473e-02 
  4.816666e-14 2.503227e-02 
  4.820001e-14 2.505133e-02 
  4.823337e-14 2.506169e-02 
  4.826672e-14 2.506323e-02 
  4.830008e-14 2.505600e-02 
  4.833344e-14 2.504012e-02 
  4.836679e-14 2.501585e-02 
  4.840015e-14 2.498358e-02 
  4.843351e-14 2.494378e-02 
  4.846686e-14 2.489705e-02 
  4.850022e-14 2.484406e-02 
  4.853358e-14 2.478560e-02 
  4.856693e-14 2.472249e-02 
  4.860029e-14 2.465562e-02 
  4.863365e-14 2.458595e-02 
  4.866700e-14 2.451446e-02 
  4.870036e-14 2.444216e-02 
  4.873371e-14 2.437004e-02 
  4.876707e-14 2.429912e-02 
  4.880043e-14 2.423037e-02 
  4.883378e-14 2.416473e-02 
  4.886714e-14 2.410310e-02 
  4.890050e-14 2.404632e-02 
  4.893385e-14 2.399515e-02 
  4.896721e-14 2.395028e-02 
  4.900057e-14 2.391229e-02 
  4.903392e-14 2.388168e-02 
  4.906728e-14 2.385884e-02 
  4.910063e-14 2.384405e-02 
  4.913399e-14 2.383748e-02 
  4.916735e-14 2.383919e-02 
  4.920070e-14 2.384911e-02 
  4.923406e-14 2.386707e-02 
  4.926742e-14 2.389278e-02 
  4.930077e-14 2.392584e-02 
  4.933413e-14 2.396577e-02 
  4.936749e-14 2.401195e-02 
  4.940084e-14 2.406374e-02 
  4.943420e-14 2.412038e-02 
  4.946756e-14 2.418107e-02 
  4.950091e-14 2.424494e-02 
  4.953427e-14 2.431111e-02 
  4.956762e-14 2.437864e-02 
  4.960098e-14 2.444659e-02 
  4.963434e-14 2.451401e-02 
  4.966769e-14 2.457997e-02 
  4.970105e-14 2.464355e-02 
  4.973441e-14 2.470387e-02 
  4.976776e-14 2.476013e-02 
  4.980112e-14 2.481154e-02 
  4.983448e-14 2.485744e-02 
  4.986783e-14 2.489721e-02 
  4.990119e-14 2.493032e-02 
  4.993455e-14 2.495635e-02 
  4.996790e-14 2.497497e-02 
  5.000126e-14 2.498595e-02 
  5.003461e-14 2.498917e-02 
  5.006797e-14 2.498462e-02 
  5.010133e-14 2.497240e-02 
  5.013468e-14 2.495271e-02 
  5.016804e-14 2.492586e-02 
  5.020140e-14 2.489226e-02 
  5.023475e-14 2.485241e-02 
  5.026811e-14 2.480690e-02 
  5.030147e-14 2.475638e-02 
  5.033482e-14 2.470158e-02 
  5.036818e-14 2.464327e-02 
  5.040153e-14 2.458229e-02 
  5.043489e-14 2.451950e-02 
  5.046825e-14 2.445577e-02 
  5.050160e-14 2.439200e-02 
  5.053496e-14 2.432907e-02 
  5.056832e-14 2.426787e-02 
  5.060167e-14 2.420924e-02 
  5.063503e-14 2.415399e-02 
  5.066839e-14 2.410287e-02 
  5.070174e-14 2.405657e-02 
  5.073510e-14 2.401572e-02 
  5.076846e-14 2.398087e-02 
  5.080181e-14 2.395247e-02 
  5.083517e-14 2.393091e-02 
  5.086852e-14 2.391645e-02 
  5.090188e-14 2.390927e-02 
  5.093524e-14 2.390944e-02 
  5.096859e-14 2.391694e-02 
  5.100195e-14 2.393163e-02 
  5.103531e-14 2.395328e-02 
  5.106866e-14 2.398156e-02 
  5.110202e-14 2.401605e-02 
  5.113538e-14 2.405624e-02 
  5.116873e-14 2.410156e-02 
  5.120209e-14 2.415137e-02 
  5.123545e-14 2.420496e-02 
  5.126880e-14 2.426158e-02 
  5.130216e-14 2.432043e-02 
  5.133551e-14 2.438069e-02 
  5.136887e-14 2.444152e-02 
  5.140223e-14 2.450208e-02 
  5.143558e-14 2.456153e-02 
  5.146894e-14 2.461904e-02 
  5.150230e-14 2.467383e-02 
  5.153565e-14 2.472515e-02 
  5.156901e-14 2.477231e-02 
  5.160237e-14 2.481467e-02 
  5.163572e-14 2.485166e-02 
  5.166908e-14 2.488280e-02 
  5.170243e-14 2.490769e-02 
  5.173579e-14 2.492601e-02 
  5.176915e-14 2.493754e-02 
  5.180250e-14 2.494215e-02 
  5.183586e-14 2.493980e-02 
  5.186922e-14 2.493056e-02 
  5.190257e-14 2.491459e-02 
  5.193593e-14 2.489213e-02 
  5.196929e-14 2.486354e-02 
  5.200264e-14 2.482923e-02 
  5.203600e-14 2.478970e-02 
  5.206936e-14 2.474554e-02 
  5.210271e-14 2.469737e-02 
  5.213607e-14 2.464590e-02 
  5.216942e-14 2.459185e-02 
  5.220278e-14 2.453599e-02 
  5.223614e-14 2.447909e-02 
  5.226949e-14 2.442197e-02 
  5.230285e-14 2.436542e-02 
  5.233621e-14 2.431022e-02 
  5.236956e-14 2.425716e-02 
  5.240292e-14 2.420695e-02 
  5.243628e-14 2.416029e-02 
  5.246963e-14 2.411782e-02 
  5.250299e-14 2.408011e-02 
  5.253634e-14 2.404769e-02 
  5.256970e-14 2.402098e-02 
  5.260306e-14 2.400033e-02 
  5.263641e-14 2.398601e-02 
  5.266977e-14 2.397820e-02 
  5.270313e-14 2.397700e-02 
  5.273648e-14 2.398240e-02 
  5.276984e-14 2.399430e-02 
  5.280320e-14 2.401253e-02 
  5.283655e-14 2.403680e-02 
  5.286991e-14 2.406678e-02 
  5.290327e-14 2.410201e-02 
  5.293662e-14 2.414200e-02 
  5.296998e-14 2.418618e-02 
  5.300333e-14 2.423391e-02 
  5.303669e-14 2.428453e-02 
  5.307005e-14 2.433733e-02 
  5.310340e-14 2.439157e-02 
  5.313676e-14 2.444650e-02 
  5.317012e-14 2.450137e-02 
  5.320347e-14 2.455541e-02 
  5.323683e-14 2.460790e-02 
  5.327019e-14 2.465810e-02 
  5.330354e-14 2.470533e-02 
  5.333690e-14 2.474894e-02 
  5.337026e-14 2.478835e-02 
  5.340361e-14 2.482304e-02 
  5.343697e-14 2.485253e-02 
  5.347032e-14 2.487646e-02 
  5.350368e-14 2.489451e-02 
  5.353704e-14 2.490647e-02 
  5.357039e-14 2.491218e-02 
  5.360375e-14 2.491161e-02 
  5.363711e-14 2.490478e-02 
  5.367046e-14 2.489183e-02 
  5.370382e-14 2.487295e-02 
  5.373718e-14 2.484842e-02 
  5.377053e-14 2.481863e-02 
  5.380389e-14 2.478400e-02 
  5.383724e-14 2.474505e-02 
  5.387060e-14 2.470233e-02 
  5.390396e-14 2.465645e-02 
  5.393731e-14 2.460807e-02 
  5.397067e-14 2.455788e-02 
  5.400403e-14 2.450658e-02 
  5.403738e-14 2.445490e-02 
  5.407074e-14 2.440356e-02 
  5.410410e-14 2.435327e-02 
  5.413745e-14 2.430474e-02 
  5.417081e-14 2.425865e-02 
  5.420417e-14 2.421562e-02 
  5.423752e-14 2.417626e-02 
  5.427088e-14 2.414110e-02 
  5.430423e-14 2.411062e-02 
  5.433759e-14 2.408523e-02 
  5.437095e-14 2.406526e-02 
  5.440430e-14 2.405099e-02 
  5.443766e-14 2.404260e-02 
  5.447102e-14 2.404018e-02 
  5.450437e-14 2.404376e-02 
  5.453773e-14 2.405327e-02 
  5.457109e-14 2.406857e-02 
  5.460444e-14 2.408943e-02 
  5.463780e-14 2.411555e-02 
  5.467116e-14 2.414654e-02 
  5.470451e-14 2.418197e-02 
  5.473787e-14 2.422133e-02 
  5.477122e-14 2.426407e-02 
  5.480458e-14 2.430958e-02 
  5.483794e-14 2.435724e-02 
  5.487129e-14 2.440636e-02 
  5.490465e-14 2.445629e-02 
  5.493801e-14 2.450632e-02 
  5.497136e-14 2.455576e-02 
  5.500472e-14 2.460394e-02 
  5.503808e-14 2.465019e-02 
  5.507143e-14 2.469388e-02 
  5.510479e-14 2.473442e-02 
  5.513814e-14 2.477126e-02 
  5.517150e-14 2.480391e-02 
  5.520486e-14 2.483193e-02 
  5.523821e-14 2.485495e-02 
  5.527157e-14 2.487268e-02 
  5.530493e-14 2.488490e-02 
  5.533828e-14 2.489145e-02 
  5.537164e-14 2.489228e-02 
  5.540500e-14 2.488739e-02 
  5.543835e-14 2.487688e-02 
  5.547171e-14 2.486090e-02 
  5.550507e-14 2.483972e-02 
  5.553842e-14 2.481365e-02 
  5.557178e-14 2.478307e-02 
  5.560513e-14 2.474842e-02 
  5.563849e-14 2.471021e-02 
  5.567185e-14 2.466899e-02 
  5.570520e-14 2.462534e-02 
  5.573856e-14 2.457988e-02 
  5.577192e-14 2.453326e-02 
  5.580527e-14 2.448613e-02 
  5.583863e-14 2.443914e-02 
  5.587199e-14 2.439297e-02 
  5.590534e-14 2.434824e-02 
  5.593870e-14 2.430559e-02 
  5.597206e-14 2.426561e-02 
  5.600541e-14 2.422885e-02 
  5.603877e-14 2.419581e-02 
  5.607212e-14 2.416694e-02 
  5.610548e-14 2.414264e-02 
  5.613884e-14 2.412323e-02 
  5.617219e-14 2.410898e-02 
  5.620555e-14 2.410007e-02 
  5.623891e-14 2.409660e-02 
  5.627226e-14 2.409861e-02 
  5.630562e-14 2.410607e-02 
  5.633898e-14 2.411886e-02 
  5.637233e-14 2.413679e-02 
  5.640569e-14 2.415960e-02 
  5.643904e-14 2.418696e-02 
  5.647240e-14 2.421848e-02 
  5.650576e-14 2.425371e-02 
  5.653911e-14 2.429215e-02 
  5.657247e-14 2.433327e-02 
  5.660583e-14 2.437648e-02 
  5.663918e-14 2.442118e-02 
  5.667254e-14 2.446676e-02 
  5.670590e-14 2.451258e-02 
  5.673925e-14 2.455801e-02 
  5.677261e-14 2.460243e-02 
  5.680597e-14 2.464522e-02 
  5.683932e-14 2.468581e-02 
  5.687268e-14 2.472363e-02 
  5.690603e-14 2.475818e-02 
  5.693939e-14 2.478899e-02 
  5.697275e-14 2.481563e-02 
  5.700610e-14 2.483777e-02 
  5.703946e-14 2.485511e-02 
  5.707282e-14 2.486743e-02 
  5.710617e-14 2.487459e-02 
  5.713953e-14 2.487650e-02 
  5.717289e-14 2.487315e-02 
  5.720624e-14 2.486462e-02 
  5.723960e-14 2.485105e-02 
  5.727296e-14 2.483264e-02 
  5.730631e-14 2.480966e-02 
  5.733967e-14 2.478246e-02 
  5.737302e-14 2.475142e-02 
  5.740638e-14 2.471700e-02 
  5.743974e-14 2.467969e-02 
  5.747309e-14 2.464002e-02 
  5.750645e-14 2.459855e-02 
  5.753981e-14 2.455588e-02 
  5.757316e-14 2.451260e-02 
  5.760652e-14 2.446931e-02 
  5.763988e-14 2.442663e-02 
  5.767323e-14 2.438515e-02 
  5.770659e-14 2.434545e-02 
  5.773994e-14 2.430807e-02 
  5.777330e-14 2.427354e-02 
  5.780666e-14 2.424232e-02 
  5.784001e-14 2.421486e-02 
  5.787337e-14 2.419152e-02 
  5.790673e-14 2.417261e-02 
  5.794008e-14 2.415840e-02 
  5.797344e-14 2.414905e-02 
  5.800680e-14 2.414471e-02 
  5.804015e-14 2.414540e-02 
  5.807351e-14 2.415112e-02 
  5.810687e-14 2.416177e-02 
  5.814022e-14 2.417719e-02 
  5.817358e-14 2.419716e-02 
  5.820693e-14 2.422139e-02 
  5.824029e-14 2.424955e-02 
  5.827365e-14 2.428121e-02 
  5.830700e-14 2.431595e-02 
  5.834036e-14 2.435327e-02 
  5.837372e-14 2.439264e-02 
  5.840707e-14 2.443351e-02 
  5.844043e-14 2.447532e-02 
  5.847379e-14 2.451748e-02 
  5.850714e-14 2.455941e-02 
  5.854050e-14 2.460053e-02 
  5.857386e-14 2.464029e-02 
  5.860721e-14 2.467813e-02 
  5.864057e-14 2.471353e-02 
  5.867392e-14 2.474602e-02 
  5.870728e-14 2.477516e-02 
  5.874064e-14 2.480054e-02 
  5.877399e-14 2.482184e-02 
  5.880735e-14 2.483876e-02 
  5.884071e-14 2.485109e-02 
  5.887406e-14 2.485867e-02 
  5.890742e-14 2.486142e-02 
  5.894078e-14 2.485931e-02 
  5.897413e-14 2.485241e-02 
  5.900749e-14 2.484081e-02 
  5.904084e-14 2.482469e-02 
  5.907420e-14 2.480430e-02 
  5.910756e-14 2.477994e-02 
  5.914091e-14 2.475195e-02 
  5.917427e-14 2.472074e-02 
  5.920763e-14 2.468676e-02 
  5.924098e-14 2.465048e-02 
  5.927434e-14 2.461243e-02 
  5.930770e-14 2.457314e-02 
  5.934105e-14 2.453316e-02 
  5.937441e-14 2.449306e-02 
  5.940777e-14 2.445339e-02 
  5.944112e-14 2.441471e-02 
  5.947448e-14 2.437756e-02 
  5.950783e-14 2.434244e-02 
  5.954119e-14 2.430985e-02 
  5.957455e-14 2.428024e-02 
  5.960790e-14 2.425400e-02 
  5.964126e-14 2.423151e-02 
  5.967462e-14 2.421306e-02 
  5.970797e-14 2.419891e-02 
  5.974133e-14 2.418924e-02 
  5.977469e-14 2.418417e-02 
  5.980804e-14 2.418377e-02 
  5.984140e-14 2.418803e-02 
  5.987476e-14 2.419687e-02 
  5.990811e-14 2.421016e-02 
  5.994147e-14 2.422771e-02 
  5.997482e-14 2.424927e-02 
  6.000818e-14 2.427453e-02 
  6.004154e-14 2.430313e-02 
  6.007489e-14 2.433467e-02 
  6.010825e-14 2.436870e-02 
  6.014161e-14 2.440475e-02 
  6.017496e-14 2.444230e-02 
  6.020832e-14 2.448084e-02 
  6.024168e-14 2.451982e-02 
  6.027503e-14 2.455871e-02 
  6.030839e-14 2.459697e-02 
  6.034174e-14 2.463406e-02 
  6.037510e-14 2.466948e-02 
  6.040846e-14 2.470275e-02 
  6.044181e-14 2.473340e-02 
  6.047517e-14 2.476102e-02 
  6.050853e-14 2.478524e-02 
  6.054188e-14 2.480573e-02 
  6.057524e-14 2.482222e-02 
  6.060860e-14 2.483449e-02 
  6.064195e-14 2.484239e-02 
  6.067531e-14 2.484582e-02 
  6.070867e-14 2.484474e-02 
  6.074202e-14 2.483919e-02 
  6.077538e-14 2.482925e-02 
  6.080873e-14 2.481508e-02 
  6.084209e-14 2.479689e-02 
  6.087545e-14 2.477495e-02 
  6.090880e-14 2.474956e-02 
  6.094216e-14 2.472110e-02 
  6.097552e-14 2.468997e-02 
  6.100887e-14 2.465661e-02 
  6.104223e-14 2.462150e-02 
  6.107559e-14 2.458513e-02 
  6.110894e-14 2.454802e-02 
  6.114230e-14 2.451067e-02 
  6.117566e-14 2.447362e-02 
  6.120901e-14 2.443738e-02 
  6.124237e-14 2.440246e-02 
  6.127572e-14 2.436933e-02 
  6.130908e-14 2.433846e-02 
  6.134244e-14 2.431027e-02 
  6.137579e-14 2.428514e-02 
  6.140915e-14 2.426343e-02 
  6.144251e-14 2.424543e-02 
  6.147586e-14 2.423137e-02 
  6.150922e-14 2.422145e-02 
  6.154258e-14 2.421580e-02 
  6.157593e-14 2.421448e-02 
  6.160929e-14 2.421750e-02 
  6.164264e-14 2.422481e-02 
  6.167600e-14 2.423630e-02 
  6.170936e-14 2.425180e-02 
  6.174271e-14 2.427108e-02 
  6.177607e-14 2.429387e-02 
  6.180943e-14 2.431985e-02 
  6.184278e-14 2.434864e-02 
  6.187614e-14 2.437984e-02 
  6.190950e-14 2.441301e-02 
  6.194285e-14 2.444769e-02 
  6.197621e-14 2.448339e-02 
  6.200957e-14 2.451961e-02 
  6.204292e-14 2.455585e-02 
  6.207628e-14 2.459160e-02 
  6.210963e-14 2.462637e-02 
  6.214299e-14 2.465968e-02 
  6.217635e-14 2.469108e-02 
  6.220970e-14 2.472012e-02 
  6.224306e-14 2.474642e-02 
  6.227642e-14 2.476962e-02 
  6.230977e-14 2.478940e-02 
  6.234313e-14 2.480550e-02 
  6.237649e-14 2.481770e-02 
  6.240984e-14 2.482585e-02 
  6.244320e-14 2.482983e-02 
  6.247656e-14 2.482962e-02 
  6.250991e-14 2.482521e-02 
  6.254327e-14 2.481670e-02 
  6.257662e-14 2.480421e-02 
  6.260998e-14 2.478791e-02 
  6.264334e-14 2.476806e-02 
  6.267669e-14 2.474493e-02 
  6.271005e-14 2.471886e-02 
  6.274341e-14 2.469021e-02 
  6.277676e-14 2.465940e-02 
  6.281012e-14 2.462686e-02 
  6.284348e-14 2.459304e-02 
  6.287683e-14 2.455842e-02 
  6.291019e-14 2.452348e-02 
  6.294354e-14 2.448873e-02 
  6.297690e-14 2.445463e-02 
  6.301026e-14 2.442167e-02 
  6.304361e-14 2.439030e-02 
  6.307697e-14 2.436095e-02 
  6.311033e-14 2.433402e-02 
  6.314368e-14 2.430990e-02 
  6.317704e-14 2.428890e-02 
  6.321040e-14 2.427131e-02 
  6.324375e-14 2.425737e-02 
  6.327711e-14 2.424727e-02 
  6.331047e-14 2.424114e-02 
  6.334382e-14 2.423906e-02 
  6.337718e-14 2.424104e-02 
  6.341053e-14 2.424705e-02 
  6.344389e-14 2.425699e-02 
  6.347725e-14 2.427073e-02 
  6.351060e-14 2.428805e-02 
  6.354396e-14 2.430871e-02 
  6.357732e-14 2.433241e-02 
  6.361067e-14 2.435883e-02 
  6.364403e-14 2.438758e-02 
  6.367739e-14 2.441827e-02 
  6.371074e-14 2.445045e-02 
  6.374410e-14 2.448369e-02 
  6.377746e-14 2.451752e-02 
  6.381081e-14 2.455146e-02 
  6.384417e-14 2.458504e-02 
  6.387752e-14 2.461779e-02 
  6.391088e-14 2.464927e-02 
  6.394424e-14 2.467903e-02 
  6.397759e-14 2.470667e-02 
  6.401095e-14 2.473181e-02 
  6.404431e-14 2.475411e-02 
  6.407766e-14 2.477327e-02 
  6.411102e-14 2.478902e-02 
  6.414438e-14 2.480117e-02 
  6.417773e-14 2.480953e-02 
  6.421109e-14 2.481402e-02 
  6.424444e-14 2.481457e-02 
  6.427780e-14 2.481118e-02 
  6.431116e-14 2.480392e-02 
  6.434451e-14 2.479289e-02 
  6.437787e-14 2.477826e-02 
  6.441123e-14 2.476024e-02 
  6.444458e-14 2.473909e-02 
  6.447794e-14 2.471512e-02 
  6.451130e-14 2.468866e-02 
  6.454465e-14 2.466009e-02 
  6.457801e-14 2.462981e-02 
  6.461137e-14 2.459824e-02 
  6.464472e-14 2.456583e-02 
  6.467808e-14 2.453304e-02 
  6.471143e-14 2.450032e-02 
  6.474479e-14 2.446812e-02 
  6.477815e-14 2.443690e-02 
  6.481150e-14 2.440709e-02 
  6.484486e-14 2.437909e-02 
  6.487822e-14 2.435330e-02 
  6.491157e-14 2.433008e-02 
  6.494493e-14 2.430973e-02 
  6.497829e-14 2.429253e-02 
  6.501164e-14 2.427872e-02 
  6.504500e-14 2.426849e-02 
  6.507835e-14 2.426196e-02 
  6.511171e-14 2.425923e-02 
  6.514507e-14 2.426032e-02 
  6.517842e-14 2.426520e-02 
  6.521178e-14 2.427381e-02 
  6.524514e-14 2.428602e-02 
  6.527849e-14 2.430164e-02 
  6.531185e-14 2.432045e-02 
  6.534521e-14 2.434218e-02 
  6.537856e-14 2.436653e-02 
  6.541192e-14 2.439315e-02 
  6.544528e-14 2.442166e-02 
  6.547863e-14 2.445167e-02 
  6.551199e-14 2.448276e-02 
  6.554534e-14 2.451449e-02 
  6.557870e-14 2.454642e-02 
  6.561206e-14 2.457811e-02 
  6.564541e-14 2.460910e-02 
  6.567877e-14 2.463898e-02 
  6.571213e-14 2.466733e-02 
  6.574548e-14 2.469376e-02 
  6.577884e-14 2.471790e-02 
  6.581220e-14 2.473943e-02 
  6.584555e-14 2.475806e-02 
  6.587891e-14 2.477353e-02 
  6.591227e-14 2.478563e-02 
  6.594562e-14 2.479420e-02 
  6.597898e-14 2.479914e-02 
  6.601233e-14 2.480037e-02 
  6.604569e-14 2.479790e-02 
  6.607905e-14 2.479176e-02 
  6.611240e-14 2.478205e-02 
  6.614576e-14 2.476891e-02 
  6.617912e-14 2.475254e-02 
  6.621247e-14 2.473316e-02 
  6.624583e-14 2.471106e-02 
  6.627919e-14 2.468655e-02 
  6.631254e-14 2.465997e-02 
  6.634590e-14 2.463171e-02 
  6.637925e-14 2.460215e-02 
  6.641261e-14 2.457171e-02 
  6.644597e-14 2.454082e-02 
  6.647932e-14 2.450991e-02 
  6.651268e-14 2.447941e-02 
  6.654604e-14 2.444974e-02 
  6.657939e-14 2.442133e-02 
  6.661275e-14 2.439455e-02 
  6.664611e-14 2.436978e-02 
  6.667946e-14 2.434736e-02 
  6.671282e-14 2.432760e-02 
  6.674618e-14 2.431076e-02 
  6.677953e-14 2.429708e-02 
  6.681289e-14 2.428674e-02 
  6.684624e-14 2.427987e-02 
  6.687960e-14 2.427657e-02 
  6.691296e-14 2.427687e-02 
  6.694631e-14 2.428077e-02 
  6.697967e-14 2.428820e-02 
  6.701303e-14 2.429905e-02 
  6.704638e-14 2.431317e-02 
  6.707974e-14 2.433035e-02 
  6.711310e-14 2.435035e-02 
  6.714645e-14 2.437287e-02 
  6.717981e-14 2.439761e-02 
  6.721317e-14 2.442421e-02 
  6.724652e-14 2.445230e-02 
  6.727988e-14 2.448149e-02 
  6.731323e-14 2.451136e-02 
  6.734659e-14 2.454152e-02 
  6.737995e-14 2.457152e-02 
  6.741330e-14 2.460096e-02 
  6.744666e-14 2.462943e-02 
  6.748002e-14 2.465654e-02 
  6.751337e-14 2.468190e-02 
  6.754673e-14 2.470517e-02 
  6.758009e-14 2.472603e-02 
  6.761344e-14 2.474420e-02 
  6.764680e-14 2.475943e-02 
  6.768015e-14 2.477152e-02 
  6.771351e-14 2.478030e-02 
  6.774687e-14 2.478566e-02 
  6.778022e-14 2.478752e-02 
  6.781358e-14 2.478588e-02 
  6.784694e-14 2.478076e-02 
  6.788029e-14 2.477225e-02 
  6.791365e-14 2.476045e-02 
  6.794701e-14 2.474556e-02 
  6.798036e-14 2.472778e-02 
  6.801372e-14 2.470737e-02 
  6.804708e-14 2.468461e-02 
  6.808043e-14 2.465984e-02 
  6.811379e-14 2.463339e-02 
  6.814714e-14 2.460564e-02 
  6.818050e-14 2.457698e-02 
  6.821386e-14 2.454781e-02 
  6.824721e-14 2.451853e-02 
  6.828057e-14 2.448956e-02 
  6.831393e-14 2.446130e-02 
  6.834728e-14 2.443414e-02 
  6.838064e-14 2.440845e-02 
  6.841400e-14 2.438460e-02 
  6.844735e-14 2.436291e-02 
  6.848071e-14 2.434368e-02 
  6.851407e-14 2.432718e-02 
  6.854742e-14 2.431361e-02 
  6.858078e-14 2.430318e-02 
  6.861413e-14 2.429602e-02 
  6.864749e-14 2.429222e-02 
  6.868085e-14 2.429183e-02 
  6.871420e-14 2.429485e-02 
  6.874756e-14 2.430123e-02 
  6.878092e-14 2.431087e-02 
  6.881427e-14 2.432365e-02 
  6.884763e-14 2.433936e-02 
  6.888099e-14 2.435779e-02 
  6.891434e-14 2.437868e-02 
  6.894770e-14 2.440173e-02 
  6.898105e-14 2.442661e-02 
  6.901441e-14 2.445299e-02 
  6.904777e-14 2.448048e-02 
  6.908112e-14 2.450871e-02 
  6.911448e-14 2.453728e-02 
  6.914784e-14 2.456579e-02 
  6.918119e-14 2.459385e-02 
  6.921455e-14 2.462106e-02 
  6.924791e-14 2.464705e-02 
  6.928126e-14 2.467146e-02 
  6.931462e-14 2.469396e-02 
  6.934798e-14 2.471423e-02 
  6.938133e-14 2.473201e-02 
  6.941469e-14 2.474703e-02 
  6.944804e-14 2.475912e-02 
  6.948140e-14 2.476810e-02 
  6.951476e-14 2.477385e-02 
  6.954811e-14 2.477630e-02 
  6.958147e-14 2.477542e-02 
  6.961483e-14 2.477124e-02 
  6.964818e-14 2.476381e-02 
  6.968154e-14 2.475325e-02 
  6.971490e-14 2.473971e-02 
  6.974825e-14 2.472339e-02 
  6.978161e-14 2.470451e-02 
  6.981497e-14 2.468335e-02 
  6.984832e-14 2.466021e-02 
  6.988168e-14 2.463541e-02 
  6.991503e-14 2.460930e-02 
  6.994839e-14 2.458225e-02 
  6.998175e-14 2.455463e-02 
  7.001510e-14 2.452684e-02 
  7.004846e-14 2.449926e-02 
  7.008182e-14 2.447228e-02 
  7.011517e-14 2.444626e-02 
  7.014853e-14 2.442157e-02 
  7.018189e-14 2.439855e-02 
  7.021524e-14 2.437753e-02 
  7.024860e-14 2.435878e-02 
  7.028195e-14 2.434256e-02 
  7.031531e-14 2.432911e-02 
  7.034867e-14 2.431859e-02 
  7.038202e-14 2.431115e-02 
  7.041538e-14 2.430690e-02 
  7.044874e-14 2.430588e-02 
  7.048209e-14 2.430810e-02 
  7.051545e-14 2.431352e-02 
  7.054881e-14 2.432208e-02 
  7.058216e-14 2.433363e-02 
  7.061552e-14 2.434801e-02 
  7.064888e-14 2.436503e-02 
  7.068223e-14 2.438443e-02 
  7.071559e-14 2.440595e-02 
  7.074894e-14 2.442928e-02 
  7.078230e-14 2.445409e-02 
  7.081566e-14 2.448004e-02 
  7.084901e-14 2.450676e-02 
  7.088237e-14 2.453388e-02 
  7.091573e-14 2.456103e-02 
  7.094908e-14 2.458782e-02 
 