 7.020000e-07 0 
  7.080000e-07 0 
  7.140000e-07 0 
  7.200000e-07 0 
  7.260000e-07 0 
  7.320000e-07 0 
  7.380000e-07 0 
  7.440000e-07 0 
  7.500000e-07 0 
  7.560000e-07 0 
  7.620000e-07 0 
  7.680000e-07 0 
  7.740000e-07 0 
  7.800000e-07 0 
  7.860000e-07 0 
  7.920000e-07 0 
  7.980000e-07 0 
  8.040000e-07 0 
  8.100000e-07 0 
  8.160000e-07 0 
  8.220000e-07 0 
  8.280000e-07 0 
  8.340000e-07 0 
  8.400000e-07 0 
  8.460000e-07 0 
  8.520000e-07 0 
  8.580000e-07 0 
  8.640000e-07 0 
  8.700000e-07 0 
  8.760000e-07 0 
  8.820000e-07 0 
  8.880000e-07 0 
  8.940000e-07 0 
  9.000000e-07 0 
  9.060000e-07 0 
  9.120000e-07 0 
  9.180000e-07 0 
  9.240000e-07 0 
  9.300000e-07 0 
  9.360000e-07 0 
  9.420000e-07 0 
  9.480000e-07 0 
  9.540000e-07 0 
  9.600000e-07 0 
  9.660000e-07 0 
  9.720000e-07 0 
  9.780000e-07 0 
  9.840000e-07 0 
  9.900000e-07 0 
  9.960000e-07 0 
  1.002000e-06 0 
  1.008000e-06 0 
  1.014000e-06 0 
  1.020000e-06 0 
  1.026000e-06 0 
  1.032000e-06 0 
  1.038000e-06 0 
  1.044000e-06 0 
  1.050000e-06 0 
  1.056000e-06 0 
  1.062000e-06 0 
  1.068000e-06 0 
  1.074000e-06 0 
  1.080000e-06 0 
  1.086000e-06 0 
  1.092000e-06 0 
  1.098000e-06 0 
  1.104000e-06 0 
  1.110000e-06 0 
  1.116000e-06 0 
  1.122000e-06 0 
  1.128000e-06 0 
  1.134000e-06 0 
  1.140000e-06 0 
  1.146000e-06 0 
  1.152000e-06 0 
  1.158000e-06 0 
  1.164000e-06 0 
  1.170000e-06 0 
  1.176000e-06 0 
  1.182000e-06 0 
  1.188000e-06 0 
  1.194000e-06 0 
  1.200000e-06 0 
  1.206000e-06 0 
  1.212000e-06 0 
  1.218000e-06 0 
  1.224000e-06 0 
  1.230000e-06 0 
  1.236000e-06 0 
  1.242000e-06 0 
  1.248000e-06 0 
  1.254000e-06 0 
  1.260000e-06 0 
  1.266000e-06 0 
  1.272000e-06 0 
  1.278000e-06 0 
  1.284000e-06 0 
  1.290000e-06 0 
  1.296000e-06 0 
  1.302000e-06 0 
  1.308000e-06 0 
  1.314000e-06 0 
  1.320000e-06 0 
  1.326000e-06 0 
  1.332000e-06 0 
  1.338000e-06 0 
  1.344000e-06 0 
  1.350000e-06 0 
  1.356000e-06 0 
  1.362000e-06 0 
  1.368000e-06 0 
  1.374000e-06 0 
  1.380000e-06 0 
  1.386000e-06 0 
  1.392000e-06 0 
  1.398000e-06 0 
  1.404000e-06 0 
  1.410000e-06 0 
  1.416000e-06 0 
  1.422000e-06 0 
  1.428000e-06 0 
  1.434000e-06 0 
  1.440000e-06 0 
  1.446000e-06 0 
  1.452000e-06 0 
  1.458000e-06 0 
  1.464000e-06 0 
  1.470000e-06 0 
  1.476000e-06 0 
  1.482000e-06 0 
  1.488000e-06 0 
  1.494000e-06 0 
  1.500000e-06 0 
  1.506000e-06 0 
  1.512000e-06 0 
  1.518000e-06 0 
  1.524000e-06 0 
  1.530000e-06 0 
  1.536000e-06 0 
  1.542000e-06 0 
  1.548000e-06 0 
  1.554000e-06 0 
  1.560000e-06 0 
  1.566000e-06 0 
  1.572000e-06 0 
  1.578000e-06 0 
  1.584000e-06 0 
  1.590000e-06 0 
  1.596000e-06 0 
  1.602000e-06 0 
  1.608000e-06 0 
  1.614000e-06 0 
  1.620000e-06 0 
  1.626000e-06 0 
  1.632000e-06 0 
  1.638000e-06 0 
  1.644000e-06 0 
  1.650000e-06 0 
  1.656000e-06 0 
  1.662000e-06 0 
  1.668000e-06 0 
  1.674000e-06 0 
  1.680000e-06 0 
  1.686000e-06 0 
  1.692000e-06 0 
  1.698000e-06 0 
  1.704000e-06 0 
  1.710000e-06 0 
  1.716000e-06 0 
  1.722000e-06 0 
  1.728000e-06 0 
  1.734000e-06 0 
  1.740000e-06 0 
  1.746000e-06 0 
  1.752000e-06 0 
  1.758000e-06 0 
  1.764000e-06 0 
  1.770000e-06 0 
  1.776000e-06 0 
  1.782000e-06 0 
  1.788000e-06 0 
  1.794000e-06 0 
  1.800000e-06 0 
  1.806000e-06 0 
  1.812000e-06 0 
  1.818000e-06 0 
  1.824000e-06 0 
  1.830000e-06 0 
  1.836000e-06 0 
  1.842000e-06 0 
  1.848000e-06 0 
  1.854000e-06 0 
  1.860000e-06 0 
  1.866000e-06 0 
  1.872000e-06 0 
  1.878000e-06 0 
  1.884000e-06 0 
  1.890000e-06 0 
  1.896000e-06 0 
  1.902000e-06 0 
  1.908000e-06 0 
  1.914000e-06 0 
  1.920000e-06 0 
  1.926000e-06 0 
  1.932000e-06 0 
  1.938000e-06 0 
  1.944000e-06 0 
  1.950000e-06 0 
  1.956000e-06 0 
  1.962000e-06 0 
  1.968000e-06 0 
  1.974000e-06 0 
  1.980000e-06 0 
  1.986000e-06 0 
  1.992000e-06 0 
  1.998000e-06 0 
  2.004000e-06 0 
  2.010000e-06 0 
  2.016000e-06 0 
  2.022000e-06 0 
  2.028000e-06 0 
  2.034000e-06 0 
  2.040000e-06 0 
  2.046000e-06 0 
  2.052000e-06 0 
  2.058000e-06 0 
  2.064000e-06 0 
  2.070000e-06 0 
  2.076000e-06 0 
  2.082000e-06 0 
  2.088000e-06 0 
  2.094000e-06 0 
  2.100000e-06 0 
  2.106000e-06 0 
  2.112000e-06 0 
  2.118000e-06 0 
  2.124000e-06 0 
  2.130000e-06 0 
  2.136000e-06 0 
  2.142000e-06 0 
  2.148000e-06 0 
  2.154000e-06 0 
  2.160000e-06 0 
  2.166000e-06 0 
  2.172000e-06 0 
  2.178000e-06 0 
  2.184000e-06 0 
  2.190000e-06 0 
  2.196000e-06 0 
  2.202000e-06 0 
  2.208000e-06 0 
  2.214000e-06 0 
  2.220000e-06 0 
  2.226000e-06 0 
  2.232000e-06 0 
  2.238000e-06 0 
  2.244000e-06 0 
  2.250000e-06 0 
  2.256000e-06 0 
  2.262000e-06 0 
  2.268000e-06 0 
  2.274000e-06 0 
  2.280000e-06 0 
  2.286000e-06 0 
  2.292000e-06 0 
  2.298000e-06 0 
  2.304000e-06 0 
  2.310000e-06 0 
  2.316000e-06 0 
  2.322000e-06 0 
  2.328000e-06 0 
  2.334000e-06 0 
  2.340000e-06 0 
  2.346000e-06 0 
  2.352000e-06 0 
  2.358000e-06 0 
  2.364000e-06 0 
  2.370000e-06 0 
  2.376000e-06 0 
  2.382000e-06 0 
  2.388000e-06 0 
  2.394000e-06 0 
  2.400000e-06 0 
  2.406000e-06 0 
  2.412000e-06 0 
  2.418000e-06 0 
  2.424000e-06 0 
  2.430000e-06 0 
  2.436000e-06 0 
  2.442000e-06 0 
  2.448000e-06 0 
  2.454000e-06 0 
  2.460000e-06 0 
  2.466000e-06 0 
  2.472000e-06 0 
  2.478000e-06 0 
  2.484000e-06 0 
  2.490000e-06 0 
  2.496000e-06 0 
  2.502000e-06 0 
  2.508000e-06 0 
  2.514000e-06 0 
  2.520000e-06 0 
  2.526000e-06 0 
  2.532000e-06 0 
  2.538000e-06 0 
  2.544000e-06 0 
  2.550000e-06 0 
  2.556000e-06 0 
  2.562000e-06 0 
  2.568000e-06 0 
  2.574000e-06 0 
  2.580000e-06 0 
  2.586000e-06 0 
  2.592000e-06 0 
  2.598000e-06 0 
  2.604000e-06 0 
  2.610000e-06 0 
  2.616000e-06 0 
  2.622000e-06 0 
  2.628000e-06 0 
  2.634000e-06 0 
  2.640000e-06 0 
  2.646000e-06 0 
  2.652000e-06 0 
  2.658000e-06 0 
  2.664000e-06 0 
  2.670000e-06 0 
  2.676000e-06 0 
  2.682000e-06 0 
  2.688000e-06 0 
  2.694000e-06 0 
  2.700000e-06 0 
  2.706000e-06 0 
  2.712000e-06 0 
  2.718000e-06 0 
  2.724000e-06 0 
  2.730000e-06 0 
  2.736000e-06 0 
  2.742000e-06 0 
  2.748000e-06 0 
  2.754000e-06 0 
  2.760000e-06 0 
  2.766000e-06 0 
  2.772000e-06 0 
  2.778000e-06 0 
  2.784000e-06 0 
  2.790000e-06 0 
  2.796000e-06 0 
  2.802000e-06 0 
  2.808000e-06 0 
  2.814000e-06 0 
  2.820000e-06 0 
  2.826000e-06 0 
  2.832000e-06 0 
  2.838000e-06 0 
  2.844000e-06 0 
  2.850000e-06 0 
  2.856000e-06 0 
  2.862000e-06 0 
  2.868000e-06 0 
  2.874000e-06 0 
  2.880000e-06 0 
  2.886000e-06 0 
  2.892000e-06 0 
  2.898000e-06 0 
  2.904000e-06 0 
  2.910000e-06 0 
  2.916000e-06 0 
  2.922000e-06 0 
  2.928000e-06 0 
  2.934000e-06 0 
  2.940000e-06 0 
  2.946000e-06 0 
  2.952000e-06 0 
  2.958000e-06 0 
  2.964000e-06 0 
  2.970000e-06 0 
  2.976000e-06 0 
  2.982000e-06 0 
  2.988000e-06 0 
  2.994000e-06 0 
  3.000000e-06 0 
  3.006000e-06 0 
  3.012000e-06 0 
  3.018000e-06 0 
  3.024000e-06 0 
  3.030000e-06 0 
  3.036000e-06 0 
  3.042000e-06 0 
  3.048000e-06 0 
  3.054000e-06 0 
  3.060000e-06 0 
  3.066000e-06 0 
  3.072000e-06 0 
  3.078000e-06 0 
  3.084000e-06 0 
  3.090000e-06 0 
  3.096000e-06 0 
  3.102000e-06 0 
  3.108000e-06 0 
  3.114000e-06 0 
  3.120000e-06 0 
  3.126000e-06 0 
  3.132000e-06 0 
  3.138000e-06 0 
  3.144000e-06 0 
  3.150000e-06 0 
  3.156000e-06 0 
  3.162000e-06 0 
  3.168000e-06 0 
  3.174000e-06 0 
  3.180000e-06 0 
  3.186000e-06 0 
  3.192000e-06 0 
  3.198000e-06 0 
  3.204000e-06 0 
  3.210000e-06 0 
  3.216000e-06 0 
  3.222000e-06 0 
  3.228000e-06 0 
  3.234000e-06 0 
  3.240000e-06 0 
  3.246000e-06 0 
  3.252000e-06 0 
  3.258000e-06 0 
  3.264000e-06 0 
  3.270000e-06 0 
  3.276000e-06 0 
  3.282000e-06 0 
  3.288000e-06 0 
  3.294000e-06 0 
  3.300000e-06 0 
  3.306000e-06 0 
  3.312000e-06 0 
  3.318000e-06 0 
  3.324000e-06 0 
  3.330000e-06 0 
  3.336000e-06 0 
  3.342000e-06 0 
  3.348000e-06 0 
  3.354000e-06 0 
  3.360000e-06 0 
  3.366000e-06 0 
  3.372000e-06 0 
  3.378000e-06 0 
  3.384000e-06 0 
  3.390000e-06 0 
  3.396000e-06 0 
  3.402000e-06 0 
  3.408000e-06 0 
  3.414000e-06 0 
  3.420000e-06 0 
  3.426000e-06 0 
  3.432000e-06 0 
  3.438000e-06 0 
  3.444000e-06 0 
  3.450000e-06 0 
  3.456000e-06 0 
  3.462000e-06 0 
  3.468000e-06 0 
  3.474000e-06 0 
  3.480000e-06 0 
  3.486000e-06 0 
  3.492000e-06 0 
  3.498000e-06 0 
  3.504000e-06 0 
  3.510000e-06 0 
  3.516000e-06 0 
  3.522000e-06 0 
  3.528000e-06 0 
  3.534000e-06 0 
  3.540000e-06 0 
  3.546000e-06 0 
  3.552000e-06 0 
  3.558000e-06 0 
  3.564000e-06 0 
  3.570000e-06 0 
  3.576000e-06 0 
  3.582000e-06 0 
  3.588000e-06 0 
  3.594000e-06 0 
  3.600000e-06 0 
  3.606000e-06 0 
  3.612000e-06 0 
  3.618000e-06 0 
  3.624000e-06 0 
  3.630000e-06 0 
  3.636000e-06 0 
  3.642000e-06 0 
  3.648000e-06 0 
  3.654000e-06 0 
  3.660000e-06 0 
  3.666000e-06 0 
  3.672000e-06 0 
  3.678000e-06 0 
  3.684000e-06 0 
  3.690000e-06 0 
  3.696000e-06 0 
  3.702000e-06 0 
  3.708000e-06 0 
  3.714000e-06 0 
  3.720000e-06 0 
  3.726000e-06 0 
 