 7.000000e-07 0 
  7.070000e-07 0 
  7.140000e-07 0 
  7.210000e-07 0 
  7.280000e-07 0 
  7.350000e-07 0 
  7.420000e-07 0 
  7.490000e-07 0 
  7.560000e-07 0 
  7.630000e-07 0 
  7.700000e-07 0 
  7.770000e-07 0 
  7.840000e-07 0 
  7.910000e-07 0 
  7.980000e-07 0 
  8.050000e-07 0 
  8.120000e-07 0 
  8.190000e-07 0 
  8.260000e-07 0 
  8.330000e-07 0 
  8.400000e-07 0 
  8.470000e-07 0 
  8.540000e-07 0 
  8.610000e-07 -7.868378e+09 
  8.680000e-07 -5.878892e+09 
  8.750000e-07 -3.811091e+09 
  8.820000e-07 -1.689575e+09 
  8.890000e-07 4.559831e+08 
  8.960000e-07 2.595570e+09 
  9.030000e-07 4.699241e+09 
  9.100000e-07 6.737552e+09 
  9.170000e-07 8.681955e+09 
  9.240000e-07 1.050521e+10 
  9.310000e-07 1.218176e+10 
  9.380000e-07 1.368810e+10 
  9.450000e-07 1.500311e+10 
  9.520000e-07 1.610833e+10 
  9.590000e-07 1.698821e+10 
  9.660000e-07 1.763039e+10 
  9.730000e-07 1.802581e+10 
  9.800000e-07 1.816887e+10 
  9.870000e-07 1.805749e+10 
  9.940000e-07 1.769316e+10 
  1.001000e-06 1.708091e+10 
  1.008000e-06 1.622923e+10 
  1.015000e-06 1.514997e+10 
  1.022000e-06 1.385817e+10 
  1.029000e-06 1.237185e+10 
  1.036000e-06 1.071175e+10 
  1.043000e-06 8.901050e+09 
  1.050000e-06 6.965041e+09 
  1.057000e-06 4.930776e+09 
  1.064000e-06 2.826686e+09 
  1.071000e-06 6.821896e+08 
  1.078000e-06 -1.472724e+09 
  1.085000e-06 -3.607915e+09 
  1.092000e-06 -5.693510e+09 
  1.099000e-06 -7.700326e+09 
  1.106000e-06 -9.600278e+09 
  1.113000e-06 -1.136676e+10 
  1.120000e-06 -1.297505e+10 
  1.127000e-06 -1.440261e+10 
  1.134000e-06 -1.562943e+10 
  1.141000e-06 -1.663832e+10 
  1.148000e-06 -1.741512e+10 
  1.155000e-06 -1.794893e+10 
  1.162000e-06 -1.823223e+10 
  1.169000e-06 -1.826100e+10 
  1.176000e-06 -1.803481e+10 
  1.183000e-06 -1.755677e+10 
  1.190000e-06 -1.683351e+10 
  1.197000e-06 -1.587511e+10 
  1.204000e-06 -1.469492e+10 
  1.211000e-06 -1.330940e+10 
  1.218000e-06 -1.173790e+10 
  1.225000e-06 -1.000235e+10 
  1.232000e-06 -8.126998e+09 
  1.239000e-06 -6.138024e+09 
  1.246000e-06 -4.063215e+09 
  1.253000e-06 -4.665966e+09 
  1.260000e-06 5.542502e+08 
  1.267000e-06 5.759145e+09 
  1.274000e-06 1.082530e+10 
  1.281000e-06 1.563053e+10 
  1.288000e-06 2.005886e+10 
  1.295000e-06 2.400347e+10 
  1.302000e-06 2.736913e+10 
  1.309000e-06 3.007469e+10 
  1.316000e-06 3.205483e+10 
  1.323000e-06 3.326178e+10 
  1.330000e-06 3.366642e+10 
  1.337000e-06 3.325903e+10 
  1.344000e-06 3.204940e+10 
  1.351000e-06 3.006679e+10 
  1.358000e-06 2.735903e+10 
  1.365000e-06 2.399150e+10 
  1.372000e-06 2.004548e+10 
  1.379000e-06 1.561622e+10 
  1.386000e-06 1.081065e+10 
  1.393000e-06 2.840432e+09 
  1.400000e-06 1.599562e+09 
  1.407000e-06 3.367033e+08 
  1.414000e-06 -9.305923e+08 
  1.421000e-06 -2.184600e+09 
  1.428000e-06 -3.407781e+09 
  1.435000e-06 -4.583027e+09 
  1.442000e-06 -5.693903e+09 
  1.449000e-06 -6.724872e+09 
  1.456000e-06 -7.661518e+09 
  1.463000e-06 -8.490742e+09 
  1.470000e-06 -9.200948e+09 
  1.477000e-06 -9.782208e+09 
  1.484000e-06 -1.022640e+10 
  1.491000e-06 -1.052732e+10 
  1.498000e-06 -1.068077e+10 
  1.505000e-06 -1.068460e+10 
  1.512000e-06 -1.053877e+10 
  1.519000e-06 -1.024536e+10 
  1.526000e-06 -9.808454e+09 
  1.533000e-06 -9.234194e+09 
  1.540000e-06 -8.530624e+09 
  1.547000e-06 -7.707602e+09 
  1.554000e-06 -6.776659e+09 
  1.561000e-06 -5.750833e+09 
  1.568000e-06 -4.644493e+09 
  1.575000e-06 -3.473127e+09 
  1.582000e-06 -2.253139e+09 
  1.589000e-06 -2.425044e+09 
  1.596000e-06 6.196538e+08 
  1.603000e-06 3.648674e+09 
  1.610000e-06 6.589568e+09 
  1.617000e-06 9.371347e+09 
  1.624000e-06 1.192678e+10 
  1.631000e-06 1.419421e+10 
  1.638000e-06 1.611884e+10 
  1.645000e-06 1.765422e+10 
  1.652000e-06 1.876331e+10 
  1.659000e-06 1.941933e+10 
  1.666000e-06 1.960650e+10 
  1.673000e-06 1.932032e+10 
  1.680000e-06 1.856777e+10 
  1.687000e-06 1.736707e+10 
  1.694000e-06 1.574727e+10 
  1.701000e-06 1.374755e+10 
  1.708000e-06 1.141627e+10 
  1.715000e-06 8.809783e+09 
  1.722000e-06 5.991106e+09 
  1.729000e-06 1.525210e+09 
  1.736000e-06 8.049216e+08 
  1.743000e-06 7.377070e+07 
  1.750000e-06 -6.580910e+08 
  1.757000e-06 -1.380410e+09 
  1.764000e-06 -2.083066e+09 
  1.771000e-06 -2.756215e+09 
  1.778000e-06 -3.390430e+09 
  1.785000e-06 -3.976829e+09 
  1.792000e-06 -4.507199e+09 
  1.799000e-06 -4.974114e+09 
  1.806000e-06 -5.371036e+09 
  1.813000e-06 -5.692414e+09 
  1.820000e-06 -5.933753e+09 
  1.827000e-06 -6.091678e+09 
  1.834000e-06 -6.163982e+09 
  1.841000e-06 -6.149664e+09 
  1.848000e-06 -6.048937e+09 
  1.855000e-06 -5.863220e+09 
  1.862000e-06 -5.595125e+09 
  1.869000e-06 -5.248421e+09 
  1.876000e-06 -4.827975e+09 
  1.883000e-06 -4.339691e+09 
  1.890000e-06 -3.790422e+09 
  1.897000e-06 -3.187875e+09 
  1.904000e-06 -2.540502e+09 
  1.911000e-06 -1.857384e+09 
  1.918000e-06 -1.148108e+09 
  1.925000e-06 -1.033018e+09 
  1.932000e-06 7.055005e+08 
  1.939000e-06 2.427203e+09 
  1.946000e-06 4.090509e+09 
  1.953000e-06 5.655183e+09 
  1.960000e-06 7.083395e+09 
  1.967000e-06 8.340580e+09 
  1.974000e-06 9.396332e+09 
  1.981000e-06 1.022512e+10 
  1.988000e-06 1.080686e+10 
  1.995000e-06 1.112750e+10 
  2.002000e-06 1.117926e+10 
  2.009000e-06 1.096086e+10 
  2.016000e-06 1.047757e+10 
  2.023000e-06 9.741057e+09 
  2.030000e-06 8.769098e+09 
  2.037000e-06 7.585182e+09 
  2.044000e-06 6.217910e+09 
  2.051000e-06 4.700307e+09 
  2.058000e-06 3.069060e+09 
  2.065000e-06 7.229625e+08 
  2.072000e-06 3.171637e+08 
  2.079000e-06 -9.327624e+07 
  2.086000e-06 -5.024232e+08 
  2.093000e-06 -9.045506e+08 
  2.100000e-06 -1.294030e+09 
  2.107000e-06 -1.665410e+09 
  2.114000e-06 -2.013494e+09 
  2.121000e-06 -2.333413e+09 
  2.128000e-06 -2.620689e+09 
  2.135000e-06 -2.871305e+09 
  2.142000e-06 -3.081756e+09 
  2.149000e-06 -3.249100e+09 
  2.156000e-06 -3.371001e+09 
  2.163000e-06 -3.445756e+09 
  2.170000e-06 -3.472324e+09 
  2.177000e-06 -3.450340e+09 
  2.184000e-06 -3.380119e+09 
  2.191000e-06 -3.262648e+09 
  2.198000e-06 -3.099581e+09 
  2.205000e-06 -2.893207e+09 
  2.212000e-06 -2.646419e+09 
  2.219000e-06 -2.362677e+09 
  2.226000e-06 -2.045960e+09 
  2.233000e-06 -1.700707e+09 
  2.240000e-06 -1.331752e+09 
  2.247000e-06 -9.442630e+08 
  2.254000e-06 -5.436675e+08 
  2.261000e-06 -3.508849e+08 
  2.268000e-06 5.917559e+08 
  2.275000e-06 1.519602e+09 
  2.282000e-06 2.410532e+09 
  2.289000e-06 3.243066e+09 
  2.296000e-06 3.997107e+09 
  2.303000e-06 4.654500e+09 
  2.310000e-06 5.199387e+09 
  2.317000e-06 5.618653e+09 
  2.324000e-06 5.902231e+09 
  2.331000e-06 6.043308e+09 
  2.338000e-06 6.038536e+09 
  2.345000e-06 5.888079e+09 
  2.352000e-06 5.595623e+09 
  2.359000e-06 5.168281e+09 
  2.366000e-06 4.616421e+09 
  2.373000e-06 3.953412e+09 
  2.380000e-06 3.195310e+09 
  2.387000e-06 2.360455e+09 
  2.394000e-06 1.469036e+09 
  2.401000e-06 3.170864e+08 
  2.408000e-06 1.105854e+08 
  2.415000e-06 -9.720409e+07 
  2.422000e-06 -3.034313e+08 
  2.429000e-06 -5.052142e+08 
  2.436000e-06 -6.997348e+08 
  2.443000e-06 -8.842782e+08 
  2.450000e-06 -1.056271e+09 
  2.457000e-06 -1.213316e+09 
  2.464000e-06 -1.353226e+09 
  2.471000e-06 -1.474058e+09 
  2.478000e-06 -1.574133e+09 
  2.485000e-06 -1.652066e+09 
  2.492000e-06 -1.706779e+09 
  2.499000e-06 -1.737525e+09 
  2.506000e-06 -1.743886e+09 
  2.513000e-06 -1.725787e+09 
  2.520000e-06 -1.683496e+09 
  2.527000e-06 -1.617622e+09 
  2.534000e-06 -1.529098e+09 
  2.541000e-06 -1.419173e+09 
  2.548000e-06 -1.289395e+09 
  2.555000e-06 -1.141590e+09 
  2.562000e-06 -9.778307e+08 
  2.569000e-06 -8.004105e+08 
  2.576000e-06 -6.118135e+08 
  2.583000e-06 -4.146777e+08 
  2.590000e-06 -2.117552e+08 
  2.597000e-06 -5.464961e+07 
  2.604000e-06 3.635812e+08 
  2.611000e-06 7.728244e+08 
  2.618000e-06 1.163586e+09 
  2.625000e-06 1.526514e+09 
  2.632000e-06 1.852962e+09 
  2.639000e-06 2.135146e+09 
  2.646000e-06 2.366368e+09 
  2.653000e-06 2.541179e+09 
  2.660000e-06 2.655453e+09 
  2.667000e-06 2.706579e+09 
  2.674000e-06 2.693430e+09 
  2.681000e-06 2.616447e+09 
  2.688000e-06 2.477609e+09 
  2.695000e-06 2.280359e+09 
  2.702000e-06 2.029569e+09 
  2.709000e-06 1.731366e+09 
  2.716000e-06 1.393029e+09 
  2.723000e-06 1.022777e+09 
  2.730000e-06 6.295934e+08 
  2.737000e-06 1.444427e+08 
  2.744000e-06 7.936857e+07 
  2.751000e-06 1.356833e+07 
  2.758000e-06 -5.170629e+07 
  2.765000e-06 -1.155593e+08 
  2.772000e-06 -1.771165e+08 
  2.779000e-06 -2.355381e+08 
  2.786000e-06 -2.900300e+08 
  2.793000e-06 -3.398547e+08 
  2.800000e-06 -3.843412e+08 
  2.807000e-06 -4.228949e+08 
  2.814000e-06 -4.550058e+08 
  2.821000e-06 -4.802546e+08 
  2.828000e-06 -4.983184e+08 
  2.835000e-06 -5.089764e+08 
  2.842000e-06 -5.121122e+08 
  2.849000e-06 -5.077141e+08 
  2.856000e-06 -4.958762e+08 
  2.863000e-06 -4.767973e+08 
  2.870000e-06 -4.507769e+08 
  2.877000e-06 -4.182111e+08 
  2.884000e-06 -3.795867e+08 
  2.891000e-06 -3.354754e+08 
  2.898000e-06 -2.865247e+08 
  2.905000e-06 -2.334480e+08 
  2.912000e-06 -1.770155e+08 
  2.919000e-06 -1.180420e+08 
  2.926000e-06 -5.737631e+07 
  2.933000e-06 -5.752199e+07 
  2.940000e-06 -4.970071e+07 
  2.947000e-06 -3.978994e+07 
  2.954000e-06 -2.887637e+07 
  2.961000e-06 -1.720783e+07 
  2.968000e-06 -5.044208e+06 
  2.975000e-06 7.339768e+06 
  2.982000e-06 1.967269e+07 
  2.989000e-06 3.168012e+07 
  2.996000e-06 4.309825e+07 
  3.003000e-06 5.366856e+07 
  3.010000e-06 6.315787e+07 
  3.017000e-06 7.136047e+07 
  3.024000e-06 7.808529e+07 
  3.031000e-06 8.318542e+07 
  3.038000e-06 8.654338e+07 
  3.045000e-06 8.808085e+07 
  3.052000e-06 8.775369e+07 
  3.059000e-06 8.556212e+07 
  3.066000e-06 8.154243e+07 
  3.073000e-06 7.576577e+07 
  3.080000e-06 6.834718e+07 
  3.087000e-06 5.942996e+07 
  3.094000e-06 4.919051e+07 
  3.101000e-06 3.783108e+07 
  3.108000e-06 2.557595e+07 
  3.115000e-06 1.266626e+07 
  3.122000e-06 -6.436037e+05 
  3.129000e-06 -1.409615e+07 
  3.136000e-06 -2.742736e+07 
  3.143000e-06 -4.038224e+07 
  3.150000e-06 -5.271150e+07 
  3.157000e-06 -6.418322e+07 
  3.164000e-06 0 
  3.171000e-06 0 
  3.178000e-06 0 
  3.185000e-06 0 
  3.192000e-06 0 
  3.199000e-06 0 
  3.206000e-06 0 
  3.213000e-06 0 
  3.220000e-06 0 
  3.227000e-06 0 
  3.234000e-06 0 
  3.241000e-06 0 
  3.248000e-06 0 
  3.255000e-06 0 
  3.262000e-06 0 
  3.269000e-06 0 
  3.276000e-06 0 
  3.283000e-06 0 
  3.290000e-06 0 
  3.297000e-06 0 
  3.304000e-06 0 
  3.311000e-06 0 
  3.318000e-06 0 
  3.325000e-06 0 
  3.332000e-06 0 
  3.339000e-06 0 
  3.346000e-06 0 
  3.353000e-06 0 
  3.360000e-06 0 
  3.367000e-06 0 
  3.374000e-06 0 
  3.381000e-06 0 
  3.388000e-06 0 
  3.395000e-06 0 
  3.402000e-06 0 
  3.409000e-06 0 
  3.416000e-06 0 
  3.423000e-06 0 
  3.430000e-06 0 
  3.437000e-06 0 
  3.444000e-06 0 
  3.451000e-06 0 
  3.458000e-06 0 
  3.465000e-06 0 
  3.472000e-06 0 
  3.479000e-06 0 
  3.486000e-06 0 
  3.493000e-06 0 
  3.500000e-06 0 
  3.507000e-06 0 
  3.514000e-06 0 
  3.521000e-06 0 
  3.528000e-06 0 
  3.535000e-06 0 
  3.542000e-06 0 
  3.549000e-06 0 
  3.556000e-06 0 
  3.563000e-06 0 
  3.570000e-06 0 
  3.577000e-06 0 
  3.584000e-06 0 
  3.591000e-06 0 
  3.598000e-06 0 
  3.605000e-06 0 
  3.612000e-06 0 
  3.619000e-06 0 
  3.626000e-06 0 
  3.633000e-06 0 
  3.640000e-06 0 
  3.647000e-06 0 
  3.654000e-06 0 
  3.661000e-06 0 
  3.668000e-06 0 
  3.675000e-06 0 
  3.682000e-06 0 
  3.689000e-06 0 
  3.696000e-06 0 
  3.703000e-06 0 
  3.710000e-06 0 
  3.717000e-06 0 
  3.724000e-06 0 
 