 0 0 
  3.335641e-17 0 
  6.671282e-17 0 
  1.000692e-16 -5.271742e-01 
  1.334256e-16 -1.176261e+01 
  1.667820e-16 -7.455048e+01 
  2.001385e-16 -2.261368e+02 
  2.334949e-16 -3.950337e+02 
  2.668513e-16 -4.307141e+02 
  3.002077e-16 -3.066780e+02 
  3.335641e-16 -1.566515e+02 
  3.669205e-16 -8.406297e+01 
  4.002769e-16 -8.504791e+01 
  4.336333e-16 -1.175249e+02 
  4.669897e-16 -1.270183e+02 
  5.003461e-16 -8.191858e+01 
  5.337026e-16 -2.194805e+01 
  5.670590e-16 3.376026e+00 
  6.004154e-16 2.106058e+00 
  6.337718e-16 -1.421459e-01 
  6.671282e-16 7.657374e-01 
  7.004846e-16 -7.503312e+00 
  7.338410e-16 -4.557059e+01 
  7.671974e-16 -1.091755e+02 
  8.005538e-16 -1.568965e+02 
  8.339102e-16 -1.680755e+02 
  8.672666e-16 -1.773767e+02 
  9.006231e-16 -2.350740e+02 
  9.339795e-16 -3.557211e+02 
  9.673359e-16 -4.943916e+02 
  1.000692e-15 -5.790630e+02 
  1.034049e-15 -5.914318e+02 
  1.067405e-15 -5.940845e+02 
  1.100762e-15 -6.629225e+02 
  1.134118e-15 -8.089370e+02 
  1.167474e-15 -9.613658e+02 
  1.200831e-15 -1.029281e+03 
  1.234187e-15 -9.954988e+02 
  1.267544e-15 -9.340442e+02 
  1.300900e-15 -9.233672e+02 
  1.334256e-15 -9.576441e+02 
  1.367613e-15 -9.467988e+02 
  1.400969e-15 -8.074241e+02 
  1.434326e-15 -5.587402e+02 
  1.467682e-15 -3.073364e+02 
  1.501038e-15 -1.362698e+02 
  1.534395e-15 -4.647236e+01 
  1.567751e-15 -5.656353e+00 
  1.601108e-15 -5.100526e+00 
  1.634464e-15 -4.548860e+01 
  1.667820e-15 -9.891994e+01 
  1.701177e-15 -1.262154e+02 
  1.734533e-15 -1.255438e+02 
  1.767890e-15 -1.360420e+02 
  1.801246e-15 -2.070441e+02 
  1.834603e-15 -3.678377e+02 
  1.867959e-15 -5.795534e+02 
  1.901315e-15 -7.241352e+02 
  1.934672e-15 -7.111994e+02 
  1.968028e-15 -5.835156e+02 
  2.001385e-15 -4.593788e+02 
  2.034741e-15 -4.065223e+02 
  2.068097e-15 -4.163221e+02 
  2.101454e-15 -4.482189e+02 
  2.134810e-15 -4.571002e+02 
  2.168167e-15 -4.121337e+02 
  2.201523e-15 -3.135815e+02 
  2.234879e-15 -1.876762e+02 
  2.268236e-15 -7.406367e+01 
  2.301592e-15 -9.280924e+00 
  2.334949e-15 1.898632e+00 
  2.368305e-15 -1.279182e+01 
  2.401661e-15 -3.213185e+01 
  2.435018e-15 -6.742670e+01 
  2.468374e-15 -1.717321e+02 
  2.501731e-15 -4.313543e+02 
  2.535087e-15 -8.723531e+02 
  2.568444e-15 -1.363929e+03 
  2.601800e-15 -1.725726e+03 
  2.635156e-15 -1.951081e+03 
  2.668513e-15 -2.243161e+03 
  2.701869e-15 -2.841236e+03 
  2.735226e-15 -3.823896e+03 
  2.768582e-15 -4.998656e+03 
  2.801938e-15 -6.006843e+03 
  2.835295e-15 -6.659739e+03 
  2.868651e-15 -7.153646e+03 
  2.902008e-15 -7.879427e+03 
  2.935364e-15 -9.044455e+03 
  2.968720e-15 -1.047332e+04 
  3.002077e-15 -1.173604e+04 
  3.035433e-15 -1.252931e+04 
  3.068790e-15 -1.297656e+04 
  3.102146e-15 -1.350303e+04 
  3.135502e-15 -1.440742e+04 
  3.168859e-15 -1.557259e+04 
  3.202215e-15 -1.655901e+04 
  3.235572e-15 -1.699015e+04 
  3.268928e-15 -1.689881e+04 
  3.302285e-15 -1.668420e+04 
  3.335641e-15 -1.671717e+04 
  3.368997e-15 -1.701071e+04 
  3.402354e-15 -1.724062e+04 
  3.435710e-15 -1.704503e+04 
  3.469067e-15 -1.633762e+04 
  3.502423e-15 -1.535851e+04 
  3.535779e-15 -1.442188e+04 
  3.569136e-15 -1.364061e+04 
  3.602492e-15 -1.288829e+04 
  3.635849e-15 -1.196838e+04 
  3.669205e-15 -1.080367e+04 
  3.702561e-15 -9.490610e+03 
  3.735918e-15 -8.189915e+03 
  3.769274e-15 -6.986162e+03 
  3.802631e-15 -5.859673e+03 
  3.835987e-15 -4.759132e+03 
  3.869344e-15 -3.676004e+03 
  3.902700e-15 -2.659622e+03 
  3.936056e-15 -1.775793e+03 
  3.969413e-15 -1.062428e+03 
  4.002769e-15 -5.274300e+02 
  4.036126e-15 -1.724194e+02 
  4.069482e-15 -8.129681e+00 
  4.102838e-15 -5.565480e+01 
  4.136195e-15 -3.388062e+02 
  4.169551e-15 -8.727638e+02 
  4.202908e-15 -1.654655e+03 
  4.236264e-15 -2.661748e+03 
  4.269620e-15 -3.868368e+03 
  4.302977e-15 -5.276811e+03 
  4.336333e-15 -6.927311e+03 
  4.369690e-15 -8.861277e+03 
  4.403046e-15 -1.105855e+04 
  4.436402e-15 -1.341194e+04 
  4.469759e-15 -1.579159e+04 
  4.503115e-15 -1.815699e+04 
  4.536472e-15 -2.059518e+04 
  4.569828e-15 -2.322450e+04 
  4.603185e-15 -2.604138e+04 
  4.636541e-15 -2.886342e+04 
  4.669897e-15 -3.145613e+04 
  4.703254e-15 -3.374213e+04 
  4.736610e-15 -3.587008e+04 
  4.769967e-15 -3.804834e+04 
  4.803323e-15 -4.029378e+04 
  4.836679e-15 -4.234897e+04 
  4.870036e-15 -4.388439e+04 
  4.903392e-15 -4.481170e+04 
  4.936749e-15 -4.537936e+04 
  4.970105e-15 -4.592911e+04 
  5.003461e-15 -4.654242e+04 
  5.036818e-15 -4.692376e+04 
  5.070174e-15 -4.665915e+04 
  5.103531e-15 -4.562061e+04 
  5.136887e-15 -4.410518e+04 
  5.170243e-15 -4.255718e+04 
  5.203600e-15 -4.115299e+04 
  5.236956e-15 -3.965242e+04 
  5.270313e-15 -3.765933e+04 
  5.303669e-15 -3.504001e+04 
  5.337026e-15 -3.207559e+04 
  5.370382e-15 -2.919997e+04 
  5.403738e-15 -2.660931e+04 
  5.437095e-15 -2.413045e+04 
  5.470451e-15 -2.145629e+04 
  5.503808e-15 -1.850020e+04 
  5.537164e-15 -1.550480e+04 
  5.570520e-15 -1.280963e+04 
  5.603877e-15 -1.055025e+04 
  5.637233e-15 -8.590498e+03 
  5.670590e-15 -6.717807e+03 
  5.703946e-15 -4.883460e+03 
  5.737302e-15 -3.240086e+03 
  5.770659e-15 -1.960545e+03 
  5.804015e-15 -1.071208e+03 
  5.837372e-15 -4.752260e+02 
  5.870728e-15 -9.891282e+01 
  5.904084e-15 1.524493e+01 
  5.937441e-15 -2.307828e+02 
  5.970797e-15 -8.571888e+02 
  6.004154e-15 -1.789598e+03 
  6.037510e-15 -2.998545e+03 
  6.070867e-15 -4.614831e+03 
  6.104223e-15 -6.857843e+03 
  6.137579e-15 -9.819402e+03 
  6.170936e-15 -1.332951e+04 
  6.204292e-15 -1.710418e+04 
  6.237649e-15 -2.106510e+04 
  6.271005e-15 -2.546362e+04 
  6.304361e-15 -3.061859e+04 
  6.337718e-15 -3.650038e+04 
  6.371074e-15 -4.260489e+04 
  6.404431e-15 -4.832846e+04 
  6.437787e-15 -5.351939e+04 
  6.471143e-15 -5.861550e+04 
  6.504500e-15 -6.418131e+04 
  6.537856e-15 -7.029640e+04 
  6.571213e-15 -7.641726e+04 
  6.604569e-15 -8.188639e+04 
  6.637925e-15 -8.660096e+04 
  6.671282e-15 -9.113634e+04 
  6.704638e-15 -9.615491e+04 
  6.737995e-15 -1.016700e+05 
  6.771351e-15 -1.069019e+05 
  6.804708e-15 -1.109100e+05 
  6.838064e-15 -1.134140e+05 
  6.871420e-15 -1.149737e+05 
  6.904777e-15 -1.163367e+05 
  6.938133e-15 -1.176261e+05 
  6.971490e-15 -1.181993e+05 
  7.004846e-15 -1.173258e+05 
  7.038202e-15 -1.149959e+05 
  7.071559e-15 -1.120196e+05 
  7.104915e-15 -1.093060e+05 
  7.138272e-15 -1.070465e+05 
  7.171628e-15 -1.045876e+05 
  7.204984e-15 -1.010877e+05 
  7.238341e-15 -9.630692e+04 
  7.271697e-15 -9.076126e+04 
  7.305054e-15 -8.512949e+04 
  7.338410e-15 -7.956297e+04 
  7.371767e-15 -7.360555e+04 
  7.405123e-15 -6.676986e+04 
  7.438479e-15 -5.914603e+04 
  7.471836e-15 -5.140689e+04 
  7.505192e-15 -4.423250e+04 
  7.538549e-15 -3.777504e+04 
  7.571905e-15 -3.167798e+04 
  7.605261e-15 -2.556238e+04 
  7.638618e-15 -1.946056e+04 
  7.671974e-15 -1.378854e+04 
  7.705331e-15 -8.960999e+03 
  7.738687e-15 -5.118239e+03 
  7.772043e-15 -2.240794e+03 
  7.805400e-15 -4.413502e+02 
  7.838756e-15 -3.135009e+01 
  7.872113e-15 -1.261066e+03 
  7.905469e-15 -4.069604e+03 
  7.938825e-15 -8.197765e+03 
  7.972182e-15 -1.354472e+04 
  8.005538e-15 -2.031382e+04 
  8.038895e-15 -2.874797e+04 
  8.072251e-15 -3.876285e+04 
  8.105608e-15 -4.994061e+04 
  8.138964e-15 -6.195823e+04 
  8.172320e-15 -7.498532e+04 
  8.205677e-15 -8.952987e+04 
  8.239033e-15 -1.057842e+05 
  8.272390e-15 -1.231296e+05 
  8.305746e-15 -1.404114e+05 
  8.339102e-15 -1.568392e+05 
  8.372459e-15 -1.726379e+05 
  8.405815e-15 -1.887303e+05 
  8.439172e-15 -2.057150e+05 
  8.472528e-15 -2.231531e+05 
  8.505884e-15 -2.398810e+05 
  8.539241e-15 -2.550289e+05 
  8.572597e-15 -2.686848e+05 
  8.605954e-15 -2.814753e+05 
  8.639310e-15 -2.934785e+05 
  8.672666e-15 -3.036496e+05 
  8.706023e-15 -3.104796e+05 
  8.739379e-15 -3.133288e+05 
  8.772736e-15 -3.130991e+05 
  8.806092e-15 -3.115162e+05 
  8.839449e-15 -3.096865e+05 
  8.872805e-15 -3.072989e+05 
  8.906161e-15 -3.031551e+05 
  8.939518e-15 -2.964128e+05 
  8.972874e-15 -2.872921e+05 
  9.006231e-15 -2.766060e+05 
  9.039587e-15 -2.647054e+05 
  9.072943e-15 -2.510215e+05 
  9.106300e-15 -2.347306e+05 
  9.139656e-15 -2.158481e+05 
  9.173013e-15 -1.955876e+05 
  9.206369e-15 -1.755860e+05 
  9.239725e-15 -1.567671e+05 
  9.273082e-15 -1.389248e+05 
  9.306438e-15 -1.213158e+05 
  9.339795e-15 -1.035809e+05 
  9.373151e-15 -8.611647e+04 
  9.406507e-15 -6.965967e+04 
  9.439864e-15 -5.465343e+04 
  9.473220e-15 -4.108449e+04 
  9.506577e-15 -2.887784e+04 
  9.539933e-15 -1.830213e+04 
  9.573290e-15 -9.898649e+03 
  9.606646e-15 -4.060782e+03 
  9.640002e-15 -7.991683e+02 
  9.673359e-15 3.731122e+01 
  9.706715e-15 -1.621487e+03 
  9.740072e-15 -6.143934e+03 
  9.773428e-15 -1.387879e+04 
  9.806784e-15 -2.482697e+04 
  9.840141e-15 -3.871297e+04 
  9.873497e-15 -5.538063e+04 
  9.906854e-15 -7.499493e+04 
  9.940210e-15 -9.772210e+04 
  9.973566e-15 -1.232306e+05 
  1.000692e-14 -1.506829e+05 
  1.004028e-14 -1.793861e+05 
  1.007364e-14 -2.094560e+05 
  1.010699e-14 -2.416821e+05 
  1.014035e-14 -2.765491e+05 
  1.017370e-14 -3.133065e+05 
  1.020706e-14 -3.500730e+05 
  1.024042e-14 -3.850073e+05 
  1.027377e-14 -4.174684e+05 
  1.030713e-14 -4.480209e+05 
  1.034049e-14 -4.773080e+05 
  1.037384e-14 -5.050131e+05 
  1.040720e-14 -5.300322e+05 
  1.044056e-14 -5.516520e+05 
  1.047391e-14 -5.703998e+05 
  1.050727e-14 -5.875313e+05 
  1.054063e-14 -6.035516e+05 
  1.057398e-14 -6.172534e+05 
  1.060734e-14 -6.263556e+05 
  1.064069e-14 -6.292624e+05 
  1.067405e-14 -6.262840e+05 
  1.070741e-14 -6.191341e+05 
  1.074076e-14 -6.092270e+05 
  1.077412e-14 -5.964689e+05 
  1.080748e-14 -5.796800e+05 
  1.084083e-14 -5.580981e+05 
  1.087419e-14 -5.323682e+05 
  1.090755e-14 -5.040344e+05 
  1.094090e-14 -4.741442e+05 
  1.097426e-14 -4.424649e+05 
  1.100762e-14 -4.081281e+05 
  1.104097e-14 -3.709943e+05 
  1.107433e-14 -3.322903e+05 
  1.110768e-14 -2.938701e+05 
  1.114104e-14 -2.568905e+05 
  1.117440e-14 -2.212423e+05 
  1.120775e-14 -1.862341e+05 
  1.124111e-14 -1.517576e+05 
  1.127447e-14 -1.187589e+05 
  1.130782e-14 -8.865658e+04 
  1.134118e-14 -6.244102e+04 
  1.137454e-14 -4.040579e+04 
  1.140789e-14 -2.263841e+04 
  1.144125e-14 -9.560286e+03 
  1.147460e-14 -1.873425e+03 
  1.150796e-14 -7.624145e+01 
  1.154132e-14 -4.234051e+03 
  1.157467e-14 -1.431078e+04 
  1.160803e-14 -3.059872e+04 
  1.164139e-14 -5.359617e+04 
  1.167474e-14 -8.334254e+04 
  1.170810e-14 -1.189760e+05 
  1.174146e-14 -1.591726e+05 
  1.177481e-14 -2.031362e+05 
  1.180817e-14 -2.510668e+05 
  1.184153e-14 -3.035060e+05 
  1.187488e-14 -3.602054e+05 
  1.190824e-14 -4.197666e+05 
  1.194159e-14 -4.805291e+05 
  1.197495e-14 -5.417833e+05 
  1.200831e-14 -6.039102e+05 
  1.204166e-14 -6.671276e+05 
  1.207502e-14 -7.301015e+05 
  1.210838e-14 -7.900390e+05 
  1.214173e-14 -8.444543e+05 
  1.217509e-14 -8.929690e+05 
  1.220845e-14 -9.372609e+05 
  1.224180e-14 -9.790547e+05 
  1.227516e-14 -1.018041e+06 
  1.230852e-14 -1.051745e+06 
  1.234187e-14 -1.077473e+06 
  1.237523e-14 -1.094388e+06 
  1.240858e-14 -1.103668e+06 
  1.244194e-14 -1.106663e+06 
  1.247530e-14 -1.103031e+06 
  1.250865e-14 -1.090862e+06 
  1.254201e-14 -1.068674e+06 
  1.257537e-14 -1.037207e+06 
  1.260872e-14 -9.991047e+05 
  1.264208e-14 -9.567770e+05 
  1.267544e-14 -9.106000e+05 
  1.270879e-14 -8.592354e+05 
  1.274215e-14 -8.016992e+05 
  1.277550e-14 -7.390601e+05 
  1.280886e-14 -6.740922e+05 
  1.284222e-14 -6.093216e+05 
  1.287557e-14 -5.454651e+05 
  1.290893e-14 -4.817240e+05 
  1.294229e-14 -4.174636e+05 
  1.297564e-14 -3.535178e+05 
  1.300900e-14 -2.919197e+05 
  1.304236e-14 -2.345567e+05 
  1.307571e-14 -1.822510e+05 
  1.310907e-14 -1.351035e+05 
  1.314243e-14 -9.349142e+04 
  1.317578e-14 -5.849656e+04 
  1.320914e-14 -3.134723e+04 
  1.324249e-14 -1.263882e+04 
  1.327585e-14 -2.274721e+03 
  1.330921e-14 -1.331746e+02 
  1.334256e-14 -6.605302e+03 
  1.337592e-14 -2.234849e+04 
  1.340928e-14 -4.757020e+04 
  1.344263e-14 -8.175224e+04 
  1.347599e-14 -1.242095e+05 
  1.350935e-14 -1.748164e+05 
  1.354270e-14 -2.339343e+05 
  1.357606e-14 -3.014918e+05 
  1.360942e-14 -3.762659e+05 
  1.364277e-14 -4.563413e+05 
  1.367613e-14 -5.404195e+05 
  1.370948e-14 -6.285430e+05 
  1.374284e-14 -7.212459e+05 
  1.377620e-14 -8.178197e+05 
  1.380955e-14 -9.155195e+05 
  1.384291e-14 -1.010767e+06 
  1.387627e-14 -1.101360e+06 
  1.390962e-14 -1.187484e+06 
  1.394298e-14 -1.270404e+06 
  1.397634e-14 -1.350067e+06 
  1.400969e-14 -1.424050e+06 
  1.404305e-14 -1.488960e+06 
  1.407640e-14 -1.542917e+06 
  1.410976e-14 -1.586573e+06 
  1.414312e-14 -1.621629e+06 
  1.417647e-14 -1.648379e+06 
  1.420983e-14 -1.664878e+06 
  1.424319e-14 -1.668615e+06 
  1.427654e-14 -1.658991e+06 
  1.430990e-14 -1.637998e+06 
  1.434326e-14 -1.608348e+06 
  1.437661e-14 -1.570925e+06 
  1.440997e-14 -1.524151e+06 
  1.444333e-14 -1.465909e+06 
  1.447668e-14 -1.396111e+06 
  1.451004e-14 -1.317367e+06 
  1.454339e-14 -1.233176e+06 
  1.457675e-14 -1.145524e+06 
  1.461011e-14 -1.054222e+06 
  1.464346e-14 -9.584672e+05 
  1.467682e-14 -8.588458e+05 
  1.471018e-14 -7.577868e+05 
  1.474353e-14 -6.581826e+05 
  1.477689e-14 -5.617832e+05 
  1.481025e-14 -4.690153e+05 
  1.484360e-14 -3.802240e+05 
  1.487696e-14 -2.968525e+05 
  1.491032e-14 -2.212946e+05 
  1.494367e-14 -1.556967e+05 
  1.497703e-14 -1.010742e+05 
  1.501038e-14 -5.760803e+04 
  1.504374e-14 -2.561936e+04 
  1.507710e-14 -6.057731e+03 
  1.511045e-14 -3.493801e+01 
  1.514381e-14 -8.084850e+03 
  1.517717e-14 -3.008344e+04 
  1.521052e-14 -6.586528e+04 
  1.524388e-14 -1.156593e+05 
  1.527724e-14 -1.796834e+05 
  1.531059e-14 -2.573378e+05 
  1.534395e-14 -3.470539e+05 
  1.537730e-14 -4.471560e+05 
  1.541066e-14 -5.568188e+05 
  1.544402e-14 -6.758945e+05 
  1.547737e-14 -8.035649e+05 
  1.551073e-14 -9.372179e+05 
  1.554409e-14 -1.072972e+06 
  1.557744e-14 -1.207620e+06 
  1.561080e-14 -1.340122e+06 
  1.564416e-14 -1.471051e+06 
  1.567751e-14 -1.600420e+06 
  1.571087e-14 -1.726069e+06 
  1.574423e-14 -1.844285e+06 
  1.577758e-14 -1.952047e+06 
  1.581094e-14 -2.048575e+06 
  1.584429e-14 -2.134536e+06 
  1.587765e-14 -2.209743e+06 
  1.591101e-14 -2.271815e+06 
  1.594436e-14 -2.317359e+06 
  1.597772e-14 -2.344564e+06 
  1.601108e-14 -2.354546e+06 
  1.604443e-14 -2.349969e+06 
  1.607779e-14 -2.332271e+06 
  1.611115e-14 -2.300256e+06 
  1.614450e-14 -2.251462e+06 
  1.617786e-14 -2.184921e+06 
  1.621122e-14 -2.102549e+06 
  1.624457e-14 -2.007849e+06 
  1.627793e-14 -1.903345e+06 
  1.631128e-14 -1.789373e+06 
  1.634464e-14 -1.665332e+06 
  1.637800e-14 -1.531971e+06 
  1.641135e-14 -1.392328e+06 
  1.644471e-14 -1.250444e+06 
  1.647807e-14 -1.109285e+06 
  1.651142e-14 -9.699861e+05 
  1.654478e-14 -8.329826e+05 
  1.657814e-14 -6.996608e+05 
  1.661149e-14 -5.727634e+05 
  1.664485e-14 -4.552775e+05 
  1.667820e-14 -3.491271e+05 
  1.671156e-14 -2.550393e+05 
  1.674492e-14 -1.735531e+05 
  1.677827e-14 -1.059340e+05 
  1.681163e-14 -5.400385e+04 
  1.684499e-14 -1.920659e+04 
  1.687834e-14 -2.040619e+03 
  1.691170e-14 -2.434259e+03 
  1.694506e-14 -2.047715e+04 
  1.697841e-14 -5.656193e+04 
  1.701177e-14 -1.108062e+05 
  1.704513e-14 -1.825673e+05 
  1.707848e-14 -2.707555e+05 
  1.711184e-14 -3.746004e+05 
  1.714519e-14 -4.938240e+05 
  1.717855e-14 -6.277657e+05 
  1.721191e-14 -7.743237e+05 
  1.724526e-14 -9.300611e+05 
  1.727862e-14 -1.091718e+06 
  1.731198e-14 -1.257736e+06 
  1.734533e-14 -1.428143e+06 
  1.737869e-14 -1.602713e+06 
  1.741205e-14 -1.779168e+06 
  1.744540e-14 -1.953288e+06 
  1.747876e-14 -2.120884e+06 
  1.751211e-14 -2.279657e+06 
  1.754547e-14 -2.429010e+06 
  1.757883e-14 -2.568034e+06 
  1.761218e-14 -2.693898e+06 
  1.764554e-14 -2.802537e+06 
  1.767890e-14 -2.891086e+06 
  1.771225e-14 -2.959562e+06 
  1.774561e-14 -3.009894e+06 
  1.777897e-14 -3.043145e+06 
  1.781232e-14 -3.057686e+06 
  1.784568e-14 -3.050228e+06 
  1.787904e-14 -3.018758e+06 
  1.791239e-14 -2.964490e+06 
  1.794575e-14 -2.890929e+06 
  1.797910e-14 -2.801050e+06 
  1.801246e-14 -2.695452e+06 
  1.804582e-14 -2.573231e+06 
  1.807917e-14 -2.434509e+06 
  1.811253e-14 -2.281949e+06 
  1.814589e-14 -2.119750e+06 
  1.817924e-14 -1.951279e+06 
  1.821260e-14 -1.777815e+06 
  1.824596e-14 -1.599589e+06 
  1.827931e-14 -1.417923e+06 
  1.831267e-14 -1.236202e+06 
  1.834603e-14 -1.058768e+06 
  1.837938e-14 -8.890182e+05 
  1.841274e-14 -7.286440e+05 
  1.844609e-14 -5.786238e+05 
  1.847945e-14 -4.407034e+05 
  1.851281e-14 -3.177623e+05 
  1.854616e-14 -2.128189e+05 
  1.857952e-14 -1.278851e+05 
  1.861288e-14 -6.386902e+04 
  1.864623e-14 -2.140816e+04 
  1.867959e-14 -1.508505e+03 
  1.871295e-14 -5.252408e+03 
  1.874630e-14 -3.305378e+04 
  1.877966e-14 -8.447914e+04 
  1.881301e-14 -1.588819e+05 
  1.884637e-14 -2.559981e+05 
  1.887973e-14 -3.756193e+05 
  1.891308e-14 -5.165980e+05 
  1.894644e-14 -6.764007e+05 
  1.897980e-14 -8.519488e+05 
  1.901315e-14 -1.040986e+06 
  1.904651e-14 -1.242410e+06 
  1.907987e-14 -1.454984e+06 
  1.911322e-14 -1.675705e+06 
  1.914658e-14 -1.899677e+06 
  1.917994e-14 -2.121944e+06 
  1.921329e-14 -2.339561e+06 
  1.924665e-14 -2.551725e+06 
  1.928000e-14 -2.757700e+06 
  1.931336e-14 -2.954567e+06 
  1.934672e-14 -3.137202e+06 
  1.938007e-14 -3.300601e+06 
  1.941343e-14 -3.442275e+06 
  1.944679e-14 -3.562263e+06 
  1.948014e-14 -3.660792e+06 
  1.951350e-14 -3.736122e+06 
  1.954686e-14 -3.784931e+06 
  1.958021e-14 -3.804956e+06 
  1.961357e-14 -3.797110e+06 
  1.964693e-14 -3.764740e+06 
  1.968028e-14 -3.710602e+06 
  1.971364e-14 -3.634511e+06 
  1.974699e-14 -3.534036e+06 
  1.978035e-14 -3.407575e+06 
  1.981371e-14 -3.256839e+06 
  1.984706e-14 -3.086405e+06 
  1.988042e-14 -2.900981e+06 
  1.991378e-14 -2.703190e+06 
  1.994713e-14 -2.493931e+06 
  1.998049e-14 -2.274622e+06 
  2.001385e-14 -2.048779e+06 
  2.004720e-14 -1.821331e+06 
  2.008056e-14 -1.596534e+06 
  2.011391e-14 -1.376740e+06 
  2.014727e-14 -1.163250e+06 
  2.018063e-14 -9.581864e+05 
  2.021398e-14 -7.653584e+05 
  2.024734e-14 -5.892666e+05 
  2.028070e-14 -4.333900e+05 
  2.031405e-14 -2.995055e+05 
  2.034741e-14 -1.885101e+05 
  2.038077e-14 -1.016159e+05 
  2.041412e-14 -4.059538e+04 
  2.044748e-14 -7.001550e+03 
  2.048084e-14 -1.447841e+03 
  2.051419e-14 -2.379114e+04 
  2.054755e-14 -7.384247e+04 
  2.058090e-14 -1.515698e+05 
  2.061426e-14 -2.564605e+05 
  2.064762e-14 -3.868859e+05 
  2.068097e-14 -5.404519e+05 
  2.071433e-14 -7.151405e+05 
  2.074769e-14 -9.099297e+05 
  2.078104e-14 -1.123955e+06 
  2.081440e-14 -1.354897e+06 
  2.084776e-14 -1.598359e+06 
  2.088111e-14 -1.849156e+06 
  2.091447e-14 -2.103418e+06 
  2.094783e-14 -2.359347e+06 
  2.098118e-14 -2.615749e+06 
  2.101454e-14 -2.869791e+06 
  2.104789e-14 -3.116397e+06 
  2.108125e-14 -3.350053e+06 
  2.111461e-14 -3.567237e+06 
  2.114796e-14 -3.766884e+06 
  2.118132e-14 -3.948323e+06 
  2.121468e-14 -4.108806e+06 
  2.124803e-14 -4.243368e+06 
  2.128139e-14 -4.347389e+06 
  2.131475e-14 -4.419384e+06 
  2.134810e-14 -4.461156e+06 
  2.138146e-14 -4.475056e+06 
  2.141481e-14 -4.461075e+06 
  2.144817e-14 -4.416681e+06 
  2.148153e-14 -4.339537e+06 
  2.151488e-14 -4.230360e+06 
  2.154824e-14 -4.093037e+06 
  2.158160e-14 -3.931999e+06 
  2.161495e-14 -3.749585e+06 
  2.164831e-14 -3.546041e+06 
  2.168167e-14 -3.321987e+06 
  2.171502e-14 -3.080691e+06 
  2.174838e-14 -2.827794e+06 
  2.178174e-14 -2.568839e+06 
  2.181509e-14 -2.307180e+06 
  2.184845e-14 -2.044293e+06 
  2.188180e-14 -1.781963e+06 
  2.191516e-14 -1.523979e+06 
  2.194852e-14 -1.275681e+06 
  2.198187e-14 -1.042001e+06 
  2.201523e-14 -8.261015e+05 
  2.204859e-14 -6.298346e+05 
  2.208194e-14 -4.552297e+05 
  2.211530e-14 -3.052648e+05 
  2.214866e-14 -1.831932e+05 
  2.218201e-14 -9.135950e+04 
  2.221537e-14 -3.086942e+04 
  2.224873e-14 -2.321056e+03 
  2.228208e-14 -6.540969e+03 
  2.231544e-14 -4.437024e+04 
  2.234879e-14 -1.158060e+05 
  2.238215e-14 -2.196522e+05 
  2.241551e-14 -3.542096e+05 
  2.244886e-14 -5.181822e+05 
  2.248222e-14 -7.105886e+05 
  2.251558e-14 -9.296149e+05 
  2.254893e-14 -1.171732e+06 
  2.258229e-14 -1.432320e+06 
  2.261565e-14 -1.707369e+06 
  2.264900e-14 -1.994446e+06 
  2.268236e-14 -2.291679e+06 
  2.271571e-14 -2.595646e+06 
  2.274907e-14 -2.900461e+06 
  2.278243e-14 -3.199313e+06 
  2.281578e-14 -3.487144e+06 
  2.284914e-14 -3.761779e+06 
  2.288250e-14 -4.022211e+06 
  2.291585e-14 -4.265744e+06 
  2.294921e-14 -4.486940e+06 
  2.298257e-14 -4.679621e+06 
  2.301592e-14 -4.839976e+06 
  2.304928e-14 -4.967628e+06 
  2.308264e-14 -5.063567e+06 
  2.311599e-14 -5.127105e+06 
  2.314935e-14 -5.155091e+06 
  2.318270e-14 -5.144264e+06 
  2.321606e-14 -5.094349e+06 
  2.324942e-14 -5.008650e+06 
  2.328277e-14 -4.891462e+06 
  2.331613e-14 -4.744902e+06 
  2.334949e-14 -4.568373e+06 
  2.338284e-14 -4.361183e+06 
  2.341620e-14 -4.125637e+06 
  2.344956e-14 -3.867510e+06 
  2.348291e-14 -3.593483e+06 
  2.351627e-14 -3.308187e+06 
  2.354963e-14 -3.013669e+06 
  2.358298e-14 -2.711539e+06 
  2.361634e-14 -2.405366e+06 
  2.364969e-14 -2.100899e+06 
  2.368305e-14 -1.804120e+06 
  2.371641e-14 -1.519310e+06 
  2.374976e-14 -1.249066e+06 
  2.378312e-14 -9.959647e+05 
  2.381648e-14 -7.638783e+05 
  2.384983e-14 -5.575360e+05 
  2.388319e-14 -3.809347e+05 
  2.391655e-14 -2.363674e+05 
  2.394990e-14 -1.249635e+05 
  2.398326e-14 -4.789800e+04 
  2.401661e-14 -6.807332e+03 
  2.404997e-14 -3.040257e+03 
  2.408333e-14 -3.678115e+04 
  2.411668e-14 -1.071499e+05 
  2.415004e-14 -2.130912e+05 
  2.418340e-14 -3.538401e+05 
  2.421675e-14 -5.282786e+05 
  2.425011e-14 -7.339548e+05 
  2.428347e-14 -9.671162e+05 
  2.431682e-14 -1.223990e+06 
  2.435018e-14 -1.501940e+06 
  2.438354e-14 -1.799020e+06 
  2.441689e-14 -2.112135e+06 
  2.445025e-14 -2.435790e+06 
  2.448360e-14 -2.763079e+06 
  2.451696e-14 -3.088278e+06 
  2.455032e-14 -3.408528e+06 
  2.458367e-14 -3.722742e+06 
  2.461703e-14 -4.028684e+06 
  2.465039e-14 -4.321143e+06 
  2.468374e-14 -4.593133e+06 
  2.471710e-14 -4.839006e+06 
  2.475046e-14 -5.056305e+06 
  2.478381e-14 -5.244486e+06 
  2.481717e-14 -5.401894e+06 
  2.485053e-14 -5.524317e+06 
  2.488388e-14 -5.606818e+06 
  2.491724e-14 -5.647099e+06 
  2.495059e-14 -5.646904e+06 
  2.498395e-14 -5.609857e+06 
  2.501731e-14 -5.537830e+06 
  2.505066e-14 -5.429466e+06 
  2.508402e-14 -5.282368e+06 
  2.511738e-14 -5.096771e+06 
  2.515073e-14 -4.877059e+06 
  2.518409e-14 -4.629700e+06 
  2.521745e-14 -4.359789e+06 
  2.525080e-14 -4.069626e+06 
  2.528416e-14 -3.760529e+06 
  2.531751e-14 -3.435755e+06 
  2.535087e-14 -3.101455e+06 
  2.538423e-14 -2.764791e+06 
  2.541758e-14 -2.431291e+06 
  2.545094e-14 -2.104122e+06 
  2.548430e-14 -1.785767e+06 
  2.551765e-14 -1.480137e+06 
  2.555101e-14 -1.192863e+06 
  2.558437e-14 -9.296455e+05 
  2.561772e-14 -6.945211e+05 
  2.565108e-14 -4.897748e+05 
  2.568444e-14 -3.172872e+05 
  2.571779e-14 -1.796243e+05 
  2.575115e-14 -7.969845e+04 
  2.578450e-14 -1.956338e+04 
  2.581786e-14 1.826713e+02 
  2.585122e-14 -2.020061e+04 
  2.588457e-14 -8.048105e+04 
  2.591793e-14 -1.804384e+05 
  2.595129e-14 -3.189770e+05 
  2.598464e-14 -4.935826e+05 
  2.601800e-14 -7.009885e+05 
  2.605136e-14 -9.383890e+05 
  2.608471e-14 -1.203678e+06 
  2.611807e-14 -1.494184e+06 
  2.615143e-14 -1.805212e+06 
  2.618478e-14 -2.130221e+06 
  2.621814e-14 -2.462864e+06 
  2.625149e-14 -2.798973e+06 
  2.628485e-14 -3.136342e+06 
  2.631821e-14 -3.472360e+06 
  2.635156e-14 -3.801898e+06 
  2.638492e-14 -4.117767e+06 
  2.641828e-14 -4.413500e+06 
  2.645163e-14 -4.685666e+06 
  2.648499e-14 -4.933291e+06 
  2.651835e-14 -5.154918e+06 
  2.655170e-14 -5.346386e+06 
  2.658506e-14 -5.501763e+06 
  2.661841e-14 -5.616644e+06 
  2.665177e-14 -5.690482e+06 
  2.668513e-14 -5.725529e+06 
  2.671848e-14 -5.723431e+06 
  2.675184e-14 -5.682979e+06 
  2.678520e-14 -5.601348e+06 
  2.681855e-14 -5.477594e+06 
  2.685191e-14 -5.314827e+06 
  2.688527e-14 -5.118856e+06 
  2.691862e-14 -4.894667e+06 
  2.695198e-14 -4.644258e+06 
  2.698534e-14 -4.367870e+06 
  2.701869e-14 -4.067195e+06 
  2.705205e-14 -3.747248e+06 
  2.708540e-14 -3.415133e+06 
  2.711876e-14 -3.077156e+06 
  2.715212e-14 -2.737255e+06 
  2.718547e-14 -2.398150e+06 
  2.721883e-14 -2.063701e+06 
  2.725219e-14 -1.739862e+06 
  2.728554e-14 -1.433298e+06 
  2.731890e-14 -1.149206e+06 
  2.735226e-14 -8.905605e+05 
  2.738561e-14 -6.593035e+05 
  2.741897e-14 -4.579807e+05 
  2.745233e-14 -2.900744e+05 
  2.748568e-14 -1.589020e+05 
  2.751904e-14 -6.648113e+04 
  2.755239e-14 -1.356194e+04 
  2.758575e-14 -5.111606e+02 
  2.761911e-14 -2.778125e+04 
  2.765246e-14 -9.536965e+04 
  2.768582e-14 -2.020569e+05 
  2.771918e-14 -3.455594e+05 
  2.775253e-14 -5.235810e+05 
  2.778589e-14 -7.345017e+05 
  2.781925e-14 -9.766967e+05 
  2.785260e-14 -1.247075e+06 
  2.788596e-14 -1.540526e+06 
  2.791931e-14 -1.851156e+06 
  2.795267e-14 -2.174210e+06 
  2.798603e-14 -2.506625e+06 
  2.801938e-14 -2.845477e+06 
  2.805274e-14 -3.185929e+06 
  2.808610e-14 -3.521012e+06 
  2.811945e-14 -3.843749e+06 
  2.815281e-14 -4.149581e+06 
  2.818617e-14 -4.436521e+06 
  2.821952e-14 -4.702739e+06 
  2.825288e-14 -4.944063e+06 
  2.828624e-14 -5.154124e+06 
  2.831959e-14 -5.327257e+06 
  2.835295e-14 -5.461342e+06 
  2.838630e-14 -5.557672e+06 
  2.841966e-14 -5.617939e+06 
  2.845302e-14 -5.641349e+06 
  2.848637e-14 -5.624791e+06 
  2.851973e-14 -5.565874e+06 
  2.855309e-14 -5.465713e+06 
  2.858644e-14 -5.328648e+06 
  2.861980e-14 -5.159247e+06 
  2.865316e-14 -4.959665e+06 
  2.868651e-14 -4.730007e+06 
  2.871987e-14 -4.471159e+06 
  2.875323e-14 -4.187080e+06 
  2.878658e-14 -3.884205e+06 
  2.881994e-14 -3.568669e+06 
  2.885329e-14 -3.244219e+06 
  2.888665e-14 -2.912865e+06 
  2.892001e-14 -2.577415e+06 
  2.895336e-14 -2.243186e+06 
  2.898672e-14 -1.917209e+06 
  2.902008e-14 -1.605853e+06 
  2.905343e-14 -1.313287e+06 
  2.908679e-14 -1.042082e+06 
  2.912015e-14 -7.949581e+05 
  2.915350e-14 -5.757040e+05 
  2.918686e-14 -3.884433e+05 
  2.922021e-14 -2.362899e+05 
  2.925357e-14 -1.209037e+05 
  2.928693e-14 -4.322755e+04 
  2.932028e-14 -4.306879e+03 
  2.935364e-14 -5.152981e+03 
  2.938700e-14 -4.591025e+04 
  2.942035e-14 -1.254844e+05 
  2.945371e-14 -2.421904e+05 
  2.948707e-14 -3.946332e+05 
  2.952042e-14 -5.816364e+05 
  2.955378e-14 -8.011386e+05 
  2.958714e-14 -1.049326e+06 
  2.962049e-14 -1.321194e+06 
  2.965385e-14 -1.612153e+06 
  2.968720e-14 -1.918970e+06 
  2.972056e-14 -2.238890e+06 
  2.975392e-14 -2.567781e+06 
  2.978727e-14 -2.899384e+06 
  2.982063e-14 -3.226766e+06 
  2.985399e-14 -3.544684e+06 
  2.988734e-14 -3.850418e+06 
  2.992070e-14 -4.142102e+06 
  2.995406e-14 -4.416212e+06 
  2.998741e-14 -4.666931e+06 
  3.002077e-14 -4.888236e+06 
  3.005412e-14 -5.076720e+06 
  3.008748e-14 -5.232208e+06 
  3.012084e-14 -5.355450e+06 
  3.015419e-14 -5.445169e+06 
  3.018755e-14 -5.497513e+06 
  3.022091e-14 -5.508568e+06 
  3.025426e-14 -5.477453e+06 
  3.028762e-14 -5.406906e+06 
  3.032098e-14 -5.300832e+06 
  3.035433e-14 -5.161315e+06 
  3.038769e-14 -4.988109e+06 
  3.042105e-14 -4.780980e+06 
  3.045440e-14 -4.542399e+06 
  3.048776e-14 -4.277811e+06 
  3.052111e-14 -3.993302e+06 
  3.055447e-14 -3.693131e+06 
  3.058783e-14 -3.379606e+06 
  3.062118e-14 -3.055236e+06 
  3.065454e-14 -2.724784e+06 
  3.068790e-14 -2.395060e+06 
  3.072125e-14 -2.072712e+06 
  3.075461e-14 -1.762312e+06 
  3.078797e-14 -1.466494e+06 
  3.082132e-14 -1.187756e+06 
  3.085468e-14 -9.298825e+05 
  3.088804e-14 -6.976232e+05 
  3.092139e-14 -4.951857e+05 
  3.095475e-14 -3.252309e+05 
  3.098810e-14 -1.892597e+05 
  3.102146e-14 -8.866778e+04 
  3.105482e-14 -2.514900e+04 
  3.108817e-14 -9.321742e+01 
  3.112153e-14 -1.386490e+04 
  3.115489e-14 -6.589609e+04 
  3.118824e-14 -1.554011e+05 
  3.122160e-14 -2.816692e+05 
  3.125496e-14 -4.434008e+05 
  3.128831e-14 -6.378357e+05 
  3.132167e-14 -8.608849e+05 
  3.135502e-14 -1.108425e+06 
  3.138838e-14 -1.377471e+06 
  3.142174e-14 -1.665870e+06 
  3.145509e-14 -1.970693e+06 
  3.148845e-14 -2.287032e+06 
  3.152181e-14 -2.608648e+06 
  3.155516e-14 -2.929967e+06 
  3.158852e-14 -3.247375e+06 
  3.162188e-14 -3.558386e+06 
  3.165523e-14 -3.859499e+06 
  3.168859e-14 -4.145104e+06 
  3.172195e-14 -4.408808e+06 
  3.175530e-14 -4.645995e+06 
  3.178866e-14 -4.854981e+06 
  3.182201e-14 -5.035439e+06 
  3.185537e-14 -5.185626e+06 
  3.188873e-14 -5.301313e+06 
  3.192208e-14 -5.377676e+06 
  3.195544e-14 -5.412419e+06 
  3.198880e-14 -5.407034e+06 
  3.202215e-14 -5.364939e+06 
  3.205551e-14 -5.288347e+06 
  3.208887e-14 -5.176965e+06 
  3.212222e-14 -5.029687e+06 
  3.215558e-14 -4.847415e+06 
  3.218894e-14 -4.634122e+06 
  3.222229e-14 -4.395148e+06 
  3.225565e-14 -4.134620e+06 
  3.228900e-14 -3.854646e+06 
  3.232236e-14 -3.557001e+06 
  3.235572e-14 -3.245374e+06 
  3.238907e-14 -2.925798e+06 
  3.242243e-14 -2.604817e+06 
  3.245579e-14 -2.287323e+06 
  3.248914e-14 -1.976191e+06 
  3.252250e-14 -1.673891e+06 
  3.255586e-14 -1.384274e+06 
  3.258921e-14 -1.112689e+06 
  3.262257e-14 -8.644740e+05 
  3.265592e-14 -6.434501e+05 
  3.268928e-14 -4.518317e+05 
  3.272264e-14 -2.913167e+05 
  3.275599e-14 -1.639767e+05 
  3.278935e-14 -7.204922e+04 
  3.282271e-14 -1.710542e+04 
  3.285606e-14 3.073525e+02 
  3.288942e-14 -1.980074e+04 
  3.292278e-14 -7.740115e+04 
  3.295613e-14 -1.722247e+05 
  3.298949e-14 -3.029698e+05 
  3.302285e-14 -4.669840e+05 
  3.305620e-14 -6.610161e+05 
  3.308956e-14 -8.823343e+05 
  3.312291e-14 -1.128914e+06 
  3.315627e-14 -1.398341e+06 
  3.318963e-14 -1.686590e+06 
  3.322298e-14 -1.988133e+06 
  3.325634e-14 -2.297503e+06 
  3.328970e-14 -2.610753e+06 
  3.332305e-14 -2.925219e+06 
  3.335641e-14 -3.237743e+06 
  3.338977e-14 -3.543274e+06 
  3.342312e-14 -3.835497e+06 
  3.345648e-14 -4.109042e+06 
  3.348984e-14 -4.361029e+06 
  3.352319e-14 -4.590274e+06 
  3.355655e-14 -4.794862e+06 
  3.358990e-14 -4.970636e+06 
  3.362326e-14 -5.112319e+06 
  3.365662e-14 -5.216302e+06 
  3.368997e-14 -5.282352e+06 
  3.372333e-14 -5.312481e+06 
  3.375669e-14 -5.308101e+06 
  3.379004e-14 -5.268311e+06 
  3.382340e-14 -5.191014e+06 
  3.385676e-14 -5.075673e+06 
  3.389011e-14 -4.924886e+06 
  3.392347e-14 -4.743219e+06 
  3.395682e-14 -4.534579e+06 
  3.399018e-14 -4.300817e+06 
  3.402354e-14 -4.042904e+06 
  3.405689e-14 -3.763323e+06 
  3.409025e-14 -3.467145e+06 
  3.412361e-14 -3.160707e+06 
  3.415696e-14 -2.849303e+06 
  3.419032e-14 -2.536210e+06 
  3.422368e-14 -2.223882e+06 
  3.425703e-14 -1.915876e+06 
  3.429039e-14 -1.617494e+06 
  3.432375e-14 -1.334550e+06 
  3.435710e-14 -1.071661e+06 
  3.439046e-14 -8.317381e+05 
  3.442381e-14 -6.169544e+05 
  3.445717e-14 -4.299301e+05 
  3.449053e-14 -2.738454e+05 
  3.452388e-14 -1.515333e+05 
  3.455724e-14 -6.468844e+04 
  3.459060e-14 -1.402162e+04 
  3.462395e-14 1.591610e+01 
  3.465731e-14 -2.306152e+04 
  3.469067e-14 -8.327598e+04 
  3.472402e-14 -1.795922e+05 
  3.475738e-14 -3.100777e+05 
  3.479074e-14 -4.727082e+05 
  3.482409e-14 -6.658154e+05 
  3.485745e-14 -8.875041e+05 
  3.489080e-14 -1.134613e+06 
  3.492416e-14 -1.402509e+06 
  3.495752e-14 -1.686210e+06 
  3.499087e-14 -1.981817e+06 
  3.502423e-14 -2.286697e+06 
  3.505759e-14 -2.598101e+06 
  3.509094e-14 -2.911614e+06 
  3.512430e-14 -3.221202e+06 
  3.515766e-14 -3.520997e+06 
  3.519101e-14 -3.807087e+06 
  3.522437e-14 -4.077412e+06 
  3.525772e-14 -4.329812e+06 
  3.529108e-14 -4.560262e+06 
  3.532444e-14 -4.763263e+06 
  3.535779e-14 -4.934152e+06 
  3.539115e-14 -5.071050e+06 
  3.542451e-14 -5.174424e+06 
  3.545786e-14 -5.244667e+06 
  3.549122e-14 -5.280182e+06 
  3.552458e-14 -5.277968e+06 
  3.555793e-14 -5.236180e+06 
  3.559129e-14 -5.156056e+06 
  3.562465e-14 -5.041276e+06 
  3.565800e-14 -4.895399e+06 
  3.569136e-14 -4.719978e+06 
  3.572471e-14 -4.515184e+06 
  3.575807e-14 -4.282189e+06 
  3.579143e-14 -4.024805e+06 
  3.582478e-14 -3.748733e+06 
  3.585814e-14 -3.459270e+06 
  3.589150e-14 -3.159824e+06 
  3.592485e-14 -2.852611e+06 
  3.595821e-14 -2.540643e+06 
  3.599157e-14 -2.228848e+06 
  3.602492e-14 -1.923227e+06 
  3.605828e-14 -1.629018e+06 
  3.609164e-14 -1.349757e+06 
  3.612499e-14 -1.087999e+06 
  3.615835e-14 -8.467285e+05 
  3.619170e-14 -6.298736e+05 
  3.622506e-14 -4.414816e+05 
  3.625842e-14 -2.845644e+05 
  3.629177e-14 -1.608217e+05 
  3.632513e-14 -7.133844e+04 
  3.635849e-14 -1.728291e+04 
  3.639184e-14 2.119069e+02 
  3.642520e-14 -1.927759e+04 
  3.645856e-14 -7.515892e+04 
  3.649191e-14 -1.662836e+05 
  3.652527e-14 -2.915527e+05 
  3.655862e-14 -4.498152e+05 
  3.659198e-14 -6.390928e+05 
  3.662534e-14 -8.561014e+05 
  3.665869e-14 -1.096842e+06 
  3.669205e-14 -1.357794e+06 
  3.672541e-14 -1.636406e+06 
  3.675876e-14 -1.930192e+06 
  3.679212e-14 -2.235286e+06 
  3.682548e-14 -2.546088e+06 
  3.685883e-14 -2.856584e+06 
  3.689219e-14 -3.162159e+06 
  3.692555e-14 -3.460024e+06 
  3.695890e-14 -3.747753e+06 
  3.699226e-14 -4.021450e+06 
  3.702561e-14 -4.275541e+06 
  3.705897e-14 -4.504613e+06 
  3.709233e-14 -4.705479e+06 
  3.712568e-14 -4.877360e+06 
  3.715904e-14 -5.019921e+06 
  3.719240e-14 -5.131194e+06 
  3.722575e-14 -5.207563e+06 
  3.725911e-14 -5.245930e+06 
  3.729247e-14 -5.245873e+06 
  3.732582e-14 -5.209580e+06 
  3.735918e-14 -5.139602e+06 
  3.739254e-14 -5.036699e+06 
  3.742589e-14 -4.899974e+06 
  3.745925e-14 -4.729140e+06 
  3.749260e-14 -4.526606e+06 
  3.752596e-14 -4.297311e+06 
  3.755932e-14 -4.046528e+06 
  3.759267e-14 -3.777884e+06 
  3.762603e-14 -3.493465e+06 
  3.765939e-14 -3.195679e+06 
  3.769274e-14 -2.888789e+06 
  3.772610e-14 -2.578547e+06 
  3.775946e-14 -2.270395e+06 
  3.779281e-14 -1.968156e+06 
  3.782617e-14 -1.674466e+06 
  3.785952e-14 -1.392349e+06 
  3.789288e-14 -1.126175e+06 
  3.792624e-14 -8.810549e+05 
  3.795959e-14 -6.613902e+05 
  3.799295e-14 -4.700556e+05 
  3.802631e-14 -3.088595e+05 
  3.805966e-14 -1.795183e+05 
  3.809302e-14 -8.399825e+04 
  3.812638e-14 -2.397719e+04 
  3.815973e-14 -2.224283e+02 
  3.819309e-14 -1.266475e+04 
  3.822645e-14 -6.099546e+04 
  3.825980e-14 -1.449398e+05 
  3.829316e-14 -2.637879e+05 
  3.832651e-14 -4.157588e+05 
  3.835987e-14 -5.980836e+05 
  3.839323e-14 -8.078707e+05 
  3.842658e-14 -1.042789e+06 
  3.845994e-14 -1.300667e+06 
  3.849330e-14 -1.578299e+06 
  3.852665e-14 -1.870805e+06 
  3.856001e-14 -2.172451e+06 
  3.859337e-14 -2.478309e+06 
  3.862672e-14 -2.785097e+06 
  3.866008e-14 -3.090281e+06 
  3.869344e-14 -3.390341e+06 
  3.872679e-14 -3.680097e+06 
  3.876015e-14 -3.953946e+06 
  3.879350e-14 -4.207815e+06 
  3.882686e-14 -4.439776e+06 
  3.886022e-14 -4.648571e+06 
  3.889357e-14 -4.831536e+06 
  3.892693e-14 -4.984152e+06 
  3.896029e-14 -5.101872e+06 
  3.899364e-14 -5.182509e+06 
  3.902700e-14 -5.226804e+06 
  3.906036e-14 -5.236580e+06 
  3.909371e-14 -5.212326e+06 
  3.912707e-14 -5.152646e+06 
  3.916042e-14 -5.056087e+06 
  3.919378e-14 -4.923455e+06 
  3.922714e-14 -4.758268e+06 
  3.926049e-14 -4.564946e+06 
  3.929385e-14 -4.346633e+06 
  3.932721e-14 -4.104822e+06 
  3.936056e-14 -3.841045e+06 
  3.939392e-14 -3.558740e+06 
  3.942728e-14 -3.263349e+06 
  3.946063e-14 -2.960570e+06 
  3.949399e-14 -2.654605e+06 
  3.952735e-14 -2.348126e+06 
  3.956070e-14 -2.043841e+06 
  3.959406e-14 -1.745927e+06 
  3.962741e-14 -1.459879e+06 
  3.966077e-14 -1.191008e+06 
  3.969413e-14 -9.431709e+05 
  3.972748e-14 -7.188731e+05 
  3.976084e-14 -5.203606e+05 
  3.979420e-14 -3.503921e+05 
  3.982755e-14 -2.119264e+05 
  3.986091e-14 -1.072460e+05 
  3.989427e-14 -3.756173e+04 
  3.992762e-14 -3.435979e+03 
  3.996098e-14 -5.352790e+03 
  3.999434e-14 -4.366634e+04 
  4.002769e-14 -1.180151e+05 
  4.006105e-14 -2.270153e+05 
  4.009440e-14 -3.687216e+05 
  4.012776e-14 -5.413453e+05 
  4.016112e-14 -7.432902e+05 
  4.019447e-14 -9.723114e+05 
  4.022783e-14 -1.224714e+06 
  4.026119e-14 -1.495651e+06 
  4.029454e-14 -1.780443e+06 
  4.032790e-14 -2.075626e+06 
  4.036126e-14 -2.378588e+06 
  4.039461e-14 -2.686098e+06 
  4.042797e-14 -2.993341e+06 
  4.046132e-14 -3.294607e+06 
  4.049468e-14 -3.585060e+06 
  4.052804e-14 -3.861744e+06 
  4.056139e-14 -4.122682e+06 
  4.059475e-14 -4.364938e+06 
  4.062811e-14 -4.583719e+06 
  4.066146e-14 -4.773646e+06 
  4.069482e-14 -4.931076e+06 
  4.072818e-14 -5.055173e+06 
  4.076153e-14 -5.146605e+06 
  4.079489e-14 -5.205158e+06 
  4.082825e-14 -5.228692e+06 
  4.086160e-14 -5.214524e+06 
  4.089496e-14 -5.161850e+06 
  4.092831e-14 -5.072753e+06 
  4.096167e-14 -4.950805e+06 
  4.099503e-14 -4.798711e+06 
  4.102838e-14 -4.617364e+06 
  4.106174e-14 -4.407181e+06 
  4.109510e-14 -4.170245e+06 
  4.112845e-14 -3.911010e+06 
  4.116181e-14 -3.634908e+06 
  4.119517e-14 -3.346327e+06 
  4.122852e-14 -3.048024e+06 
  4.126188e-14 -2.742431e+06 
  4.129523e-14 -2.433364e+06 
  4.132859e-14 -2.126327e+06 
  4.136195e-14 -1.827138e+06 
  4.139530e-14 -1.540326e+06 
  4.142866e-14 -1.268848e+06 
  4.146202e-14 -1.015203e+06 
  4.149537e-14 -7.826258e+05 
  4.152873e-14 -5.751160e+05 
  4.156209e-14 -3.964284e+05 
  4.159544e-14 -2.491713e+05 
  4.162880e-14 -1.348736e+05 
  4.166216e-14 -5.470161e+04 
  4.169551e-14 -9.861464e+03 
  4.172887e-14 -1.260133e+03 
  4.176222e-14 -2.896661e+04 
  4.179558e-14 -9.223098e+04 
  4.182894e-14 -1.900544e+05 
  4.186229e-14 -3.215393e+05 
  4.189565e-14 -4.854643e+05 
  4.192901e-14 -6.795101e+05 
  4.196236e-14 -9.001234e+05 
  4.199572e-14 -1.143384e+06 
  4.202908e-14 -1.406055e+06 
  4.206243e-14 -1.685636e+06 
  4.209579e-14 -1.979259e+06 
  4.212915e-14 -2.282572e+06 
  4.216250e-14 -2.589965e+06 
  4.219586e-14 -2.896066e+06 
  4.222921e-14 -3.197063e+06 
  4.226257e-14 -3.490431e+06 
  4.229593e-14 -3.773289e+06 
  4.232928e-14 -4.041145e+06 
  4.236264e-14 -4.288478e+06 
  4.239600e-14 -4.510699e+06 
  4.242935e-14 -4.705525e+06 
  4.246271e-14 -4.872273e+06 
  4.249607e-14 -5.009750e+06 
  4.252942e-14 -5.114931e+06 
  4.256278e-14 -5.183906e+06 
  4.259613e-14 -5.214275e+06 
  4.262949e-14 -5.206638e+06 
  4.266285e-14 -5.163677e+06 
  4.269620e-14 -5.087738e+06 
  4.272956e-14 -4.979308e+06 
  4.276292e-14 -4.837818e+06 
  4.279627e-14 -4.663839e+06 
  4.282963e-14 -4.460376e+06 
  4.286299e-14 -4.231999e+06 
  4.289634e-14 -3.982789e+06 
  4.292970e-14 -3.715249e+06 
  4.296306e-14 -3.431238e+06 
  4.299641e-14 -3.133832e+06 
  4.302977e-14 -2.828129e+06 
  4.306312e-14 -2.520162e+06 
  4.309648e-14 -2.215057e+06 
  4.312984e-14 -1.916258e+06 
  4.316319e-14 -1.626420e+06 
  4.319655e-14 -1.348891e+06 
  4.322991e-14 -1.088173e+06 
  4.326326e-14 -8.490222e+05 
  4.329662e-14 -6.351966e+05 
  4.332998e-14 -4.491248e+05 
  4.336333e-14 -2.926146e+05 
  4.339669e-14 -1.676414e+05 
  4.343005e-14 -7.633710e+04 
  4.346340e-14 -2.032983e+04 
  4.349676e-14 -2.977181e+02 
  4.353011e-14 -1.622692e+04 
  4.356347e-14 -6.793479e+04 
  4.359683e-14 -1.551000e+05 
  4.363018e-14 -2.767080e+05 
  4.366354e-14 -4.306394e+05 
  4.369690e-14 -6.140530e+05 
  4.373025e-14 -8.242641e+05 
  4.376361e-14 -1.059117e+06 
  4.379697e-14 -1.316315e+06 
  4.383032e-14 -1.592369e+06 
  4.386368e-14 -1.882398e+06 
  4.389703e-14 -2.181211e+06 
  4.393039e-14 -2.484647e+06 
  4.396375e-14 -2.789778e+06 
  4.399710e-14 -3.093658e+06 
  4.403046e-14 -3.391947e+06 
  4.406382e-14 -3.678954e+06 
  4.409717e-14 -3.949269e+06 
  4.413053e-14 -4.199371e+06 
  4.416389e-14 -4.427561e+06 
  4.419724e-14 -4.632208e+06 
  4.423060e-14 -4.810141e+06 
  4.426396e-14 -4.956924e+06 
  4.429731e-14 -5.068877e+06 
  4.433067e-14 -5.144833e+06 
  4.436402e-14 -5.185841e+06 
  4.439738e-14 -5.193085e+06 
  4.443074e-14 -5.166138e+06 
  4.446409e-14 -5.103311e+06 
  4.449745e-14 -5.003755e+06 
  4.453081e-14 -4.869146e+06 
  4.456416e-14 -4.703275e+06 
  4.459752e-14 -4.509982e+06 
  4.463088e-14 -4.291565e+06 
  4.466423e-14 -4.049203e+06 
  4.469759e-14 -3.784867e+06 
  4.473095e-14 -3.502665e+06 
  4.476430e-14 -3.208274e+06 
  4.479766e-14 -2.907073e+06 
  4.483101e-14 -2.602878e+06 
  4.486437e-14 -2.298413e+06 
  4.489773e-14 -1.996858e+06 
  4.493108e-14 -1.702750e+06 
  4.496444e-14 -1.421373e+06 
  4.499780e-14 -1.157361e+06 
  4.503115e-14 -9.139670e+05 
  4.506451e-14 -6.936013e+05 
  4.509787e-14 -4.988573e+05 
  4.513122e-14 -3.328552e+05 
  4.516458e-14 -1.986074e+05 
  4.519793e-14 -9.820000e+04 
  4.523129e-14 -3.266944e+04 
  4.526465e-14 -2.552047e+03 
  4.529800e-14 -8.324302e+03 
  4.533136e-14 -5.018842e+04 
  4.536472e-14 -1.275420e+05 
  4.539807e-14 -2.388903e+05 
  4.543143e-14 -3.823984e+05 
  4.546479e-14 -5.564223e+05 
  4.549814e-14 -7.592932e+05 
  4.553150e-14 -9.885021e+05 
  4.556486e-14 -1.240247e+06 
  4.559821e-14 -1.510025e+06 
  4.563157e-14 -1.793805e+06 
  4.566492e-14 -2.088517e+06 
  4.569828e-14 -2.391257e+06 
  4.573164e-14 -2.697976e+06 
  4.576499e-14 -3.003162e+06 
  4.579835e-14 -3.301054e+06 
  4.583171e-14 -3.587322e+06 
  4.586506e-14 -3.859488e+06 
  4.589842e-14 -4.115601e+06 
  4.593178e-14 -4.352475e+06 
  4.596513e-14 -4.565351e+06 
  4.599849e-14 -4.749439e+06 
  4.603185e-14 -4.901819e+06 
  4.606520e-14 -5.021803e+06 
  4.609856e-14 -5.109376e+06 
  4.613191e-14 -5.163394e+06 
  4.616527e-14 -5.181434e+06 
  4.619863e-14 -5.161534e+06 
  4.623198e-14 -5.104041e+06 
  4.626534e-14 -5.011651e+06 
  4.629870e-14 -4.887554e+06 
  4.633205e-14 -4.733543e+06 
  4.636541e-14 -4.549971e+06 
  4.639877e-14 -4.337540e+06 
  4.643212e-14 -4.099070e+06 
  4.646548e-14 -3.839468e+06 
  4.649883e-14 -3.563985e+06 
  4.653219e-14 -3.276539e+06 
  4.656555e-14 -2.979706e+06 
  4.659890e-14 -2.676192e+06 
  4.663226e-14 -2.370161e+06 
  4.666562e-14 -2.067048e+06 
  4.669897e-14 -1.772164e+06 
  4.673233e-14 -1.489558e+06 
  4.676569e-14 -1.222189e+06 
  4.679904e-14 -9.730126e+05 
  4.683240e-14 -7.456847e+05 
  4.686576e-14 -5.441625e+05 
  4.689911e-14 -3.717216e+05 
  4.693247e-14 -2.304696e+05 
  4.696582e-14 -1.217619e+05 
  4.699918e-14 -4.689265e+04 
  4.703254e-14 -7.219170e+03 
  4.706589e-14 -3.635716e+03 
  4.709925e-14 -3.609861e+04 
  4.713261e-14 -1.037907e+05 
  4.716596e-14 -2.056823e+05 
  4.719932e-14 -3.407350e+05 
  4.723268e-14 -5.074469e+05 
  4.726603e-14 -7.033052e+05 
  4.729939e-14 -9.249270e+05 
  4.733275e-14 -1.168887e+06 
  4.736610e-14 -1.432341e+06 
  4.739946e-14 -1.712645e+06 
  4.743281e-14 -2.006269e+06 
  4.746617e-14 -2.308232e+06 
  4.749953e-14 -2.612860e+06 
  4.753288e-14 -2.915316e+06 
  4.756624e-14 -3.212375e+06 
  4.759960e-14 -3.501594e+06 
  4.763295e-14 -3.779670e+06 
  4.766631e-14 -4.041723e+06 
  4.769967e-14 -4.282366e+06 
  4.773302e-14 -4.497578e+06 
  4.776638e-14 -4.685509e+06 
  4.779973e-14 -4.845389e+06 
  4.783309e-14 -4.975667e+06 
  4.786645e-14 -5.073336e+06 
  4.789980e-14 -5.135195e+06 
  4.793316e-14 -5.159780e+06 
  4.796652e-14 -5.147968e+06 
  4.799987e-14 -5.101645e+06 
  4.803323e-14 -5.021807e+06 
  4.806659e-14 -4.908087e+06 
  4.809994e-14 -4.760213e+06 
  4.813330e-14 -4.579902e+06 
  4.816666e-14 -4.371247e+06 
  4.820001e-14 -4.139177e+06 
  4.823337e-14 -3.887516e+06 
  4.826672e-14 -3.618513e+06 
  4.830008e-14 -3.334154e+06 
  4.833344e-14 -3.037817e+06 
  4.836679e-14 -2.734582e+06 
  4.840015e-14 -2.429984e+06 
  4.843351e-14 -2.128563e+06 
  4.846686e-14 -1.833620e+06 
  4.850022e-14 -1.548224e+06 
  4.853358e-14 -1.276252e+06 
  4.856693e-14 -1.022330e+06 
  4.860029e-14 -7.908106e+05 
  4.863365e-14 -5.849182e+05 
  4.866700e-14 -4.068511e+05 
  4.870036e-14 -2.585549e+05 
  4.873371e-14 -1.421949e+05 
  4.876707e-14 -5.983744e+04 
  4.880043e-14 -1.280156e+04 
  4.883378e-14 -1.468249e+03 
  4.886714e-14 -2.570705e+04 
  4.890050e-14 -8.531161e+04 
  4.893385e-14 -1.798561e+05 
  4.896721e-14 -3.081450e+05 
  4.900057e-14 -4.679891e+05 
  4.903392e-14 -6.566855e+05 
  4.906728e-14 -8.717018e+05 
  4.910063e-14 -1.110728e+06 
  4.913399e-14 -1.370942e+06 
  4.916735e-14 -1.648326e+06 
  4.920070e-14 -1.937940e+06 
  4.923406e-14 -2.235085e+06 
  4.926742e-14 -2.536199e+06 
  4.930077e-14 -2.838488e+06 
  4.933413e-14 -3.138581e+06 
  4.936749e-14 -3.431648e+06 
  4.940084e-14 -3.712044e+06 
  4.943420e-14 -3.974989e+06 
  4.946756e-14 -4.217642e+06 
  4.950091e-14 -4.438426e+06 
  4.953427e-14 -4.635263e+06 
  4.956762e-14 -4.804543e+06 
  4.960098e-14 -4.941950e+06 
  4.963434e-14 -5.044400e+06 
  4.966769e-14 -5.111162e+06 
  4.970105e-14 -5.143054e+06 
  4.973441e-14 -5.140589e+06 
  4.976776e-14 -5.103007e+06 
  4.980112e-14 -5.029191e+06 
  4.983448e-14 -4.919498e+06 
  4.986783e-14 -4.776558e+06 
  4.990119e-14 -4.604199e+06 
  4.993455e-14 -4.405558e+06 
  4.996790e-14 -4.182288e+06 
  5.000126e-14 -3.935630e+06 
  5.003461e-14 -3.668186e+06 
  5.006797e-14 -3.384600e+06 
  5.010133e-14 -3.090468e+06 
  5.013468e-14 -2.790637e+06 
  5.016804e-14 -2.488518e+06 
  5.020140e-14 -2.186957e+06 
  5.023475e-14 -1.889573e+06 
  5.026811e-14 -1.601148e+06 
  5.030147e-14 -1.326751e+06 
  5.033482e-14 -1.070581e+06 
  5.036818e-14 -8.356653e+05 
  5.040153e-14 -6.245461e+05 
  5.043489e-14 -4.400254e+05 
  5.046825e-14 -2.851415e+05 
  5.050160e-14 -1.624895e+05 
  5.053496e-14 -7.370964e+04 
  5.056832e-14 -1.966282e+04 
  5.060167e-14 -9.574370e+02 
  5.063503e-14 -1.811102e+04 
  5.066839e-14 -7.114289e+04 
  5.070174e-14 -1.591420e+05 
  5.073510e-14 -2.804127e+05 
  5.076846e-14 -4.330861e+05 
  5.080181e-14 -6.154641e+05 
  5.083517e-14 -8.256279e+05 
  5.086852e-14 -1.060730e+06 
  5.090188e-14 -1.316853e+06 
  5.093524e-14 -1.589745e+06 
  5.096859e-14 -1.875716e+06 
  5.100195e-14 -2.171690e+06 
  5.103531e-14 -2.474270e+06 
  5.106866e-14 -2.778842e+06 
  5.110202e-14 -3.079836e+06 
  5.113538e-14 -3.372099e+06 
  5.116873e-14 -3.652076e+06 
  5.120209e-14 -3.917542e+06 
  5.123545e-14 -4.166069e+06 
  5.126880e-14 -4.393795e+06 
  5.130216e-14 -4.595815e+06 
  5.133551e-14 -4.767936e+06 
  5.136887e-14 -4.908076e+06 
  5.140223e-14 -5.015932e+06 
  5.143558e-14 -5.091270e+06 
  5.146894e-14 -5.132619e+06 
  5.150230e-14 -5.137734e+06 
  5.153565e-14 -5.105344e+06 
  5.156901e-14 -5.036399e+06 
  5.160237e-14 -4.933526e+06 
  5.163572e-14 -4.799280e+06 
  5.166908e-14 -4.634995e+06 
  5.170243e-14 -4.441385e+06 
  5.173579e-14 -4.220216e+06 
  5.176915e-14 -3.975270e+06 
  5.180250e-14 -3.711581e+06 
  5.183586e-14 -3.433713e+06 
  5.186922e-14 -3.144788e+06 
  5.190257e-14 -2.847160e+06 
  5.193593e-14 -2.543952e+06 
  5.196929e-14 -2.239850e+06 
  5.200264e-14 -1.940422e+06 
  5.203600e-14 -1.650726e+06 
  5.206936e-14 -1.374570e+06 
  5.210271e-14 -1.114985e+06 
  5.213607e-14 -8.751698e+05 
  5.216942e-14 -6.588130e+05 
  5.220278e-14 -4.695202e+05 
  5.223614e-14 -3.100566e+05 
  5.226949e-14 -1.822213e+05 
  5.230285e-14 -8.735953e+04 
  5.233621e-14 -2.681159e+04 
  5.236956e-14 -1.758760e+03 
  5.240292e-14 -1.270928e+04 
  5.243628e-14 -5.929485e+04 
  5.246963e-14 -1.406308e+05 
  5.250299e-14 -2.557593e+05 
  5.253634e-14 -4.035631e+05 
  5.256970e-14 -5.821922e+05 
  5.260306e-14 -7.887115e+05 
  5.263641e-14 -1.019515e+06 
  5.266977e-14 -1.271172e+06 
  5.270313e-14 -1.540805e+06 
  5.273648e-14 -1.825512e+06 
  5.276984e-14 -2.121462e+06 
  5.280320e-14 -2.423726e+06 
  5.283655e-14 -2.727201e+06 
  5.286991e-14 -3.027749e+06 
  5.290327e-14 -3.322336e+06 
  5.293662e-14 -3.607930e+06 
  5.296998e-14 -3.880305e+06 
  5.300333e-14 -4.134121e+06 
  5.303669e-14 -4.364401e+06 
  5.307005e-14 -4.568038e+06 
  5.310340e-14 -4.743826e+06 
  5.313676e-14 -4.890950e+06 
  5.317012e-14 -5.007448e+06 
  5.320347e-14 -5.090226e+06 
  5.323683e-14 -5.136619e+06 
  5.327019e-14 -5.145939e+06 
  5.330354e-14 -5.119444e+06 
  5.333690e-14 -5.058822e+06 
  5.337026e-14 -4.964772e+06 
  5.340361e-14 -4.837153e+06 
  5.343697e-14 -4.676513e+06 
  5.347032e-14 -4.485362e+06 
  5.350368e-14 -4.267862e+06 
  5.353704e-14 -4.028229e+06 
  5.357039e-14 -3.769476e+06 
  5.360375e-14 -3.493721e+06 
  5.363711e-14 -3.203655e+06 
  5.367046e-14 -2.903613e+06 
  5.370382e-14 -2.599152e+06 
  5.373718e-14 -2.295604e+06 
  5.377053e-14 -1.997027e+06 
  5.380389e-14 -1.706484e+06 
  5.383724e-14 -1.427161e+06 
  5.387060e-14 -1.163074e+06 
  5.390396e-14 -9.186883e+05 
  5.393731e-14 -6.979497e+05 
  5.397067e-14 -5.037609e+05 
  5.400403e-14 -3.383042e+05 
  5.403738e-14 -2.036672e+05 
  5.407074e-14 -1.019908e+05 
  5.410410e-14 -3.502176e+04 
  5.413745e-14 -3.664969e+03 
  5.417081e-14 -8.070027e+03 
  5.420417e-14 -4.808445e+04 
  5.423752e-14 -1.234472e+05 
  5.427088e-14 -2.334353e+05 
  5.430423e-14 -3.763961e+05 
  5.433759e-14 -5.498090e+05 
  5.437095e-14 -7.509160e+05 
  5.440430e-14 -9.772387e+05 
  5.443766e-14 -1.226346e+06 
  5.447102e-14 -1.495083e+06 
  5.450437e-14 -1.779160e+06 
  5.453773e-14 -2.073717e+06 
  5.457109e-14 -2.374384e+06 
  5.460444e-14 -2.677748e+06 
  5.463780e-14 -2.980658e+06 
  5.467116e-14 -3.279092e+06 
  5.470451e-14 -3.567863e+06 
  5.473787e-14 -3.841673e+06 
  5.477122e-14 -4.096556e+06 
  5.480458e-14 -4.330249e+06 
  5.483794e-14 -4.541050e+06 
  5.487129e-14 -4.726295e+06 
  5.490465e-14 -4.882045e+06 
  5.493801e-14 -5.004404e+06 
  5.497136e-14 -5.091217e+06 
  5.500472e-14 -5.142462e+06 
  5.503808e-14 -5.159004e+06 
  5.507143e-14 -5.140981e+06 
  5.510479e-14 -5.087509e+06 
  5.513814e-14 -4.997956e+06 
  5.517150e-14 -4.873435e+06 
  5.520486e-14 -4.716957e+06 
  5.523821e-14 -4.532066e+06 
  5.527157e-14 -4.321374e+06 
  5.530493e-14 -4.086470e+06 
  5.533828e-14 -3.829237e+06 
  5.537164e-14 -3.553177e+06 
  5.540500e-14 -3.263377e+06 
  5.543835e-14 -2.965158e+06 
  5.547171e-14 -2.662775e+06 
  5.550507e-14 -2.359378e+06 
  5.553842e-14 -2.058119e+06 
  5.557178e-14 -1.763138e+06 
  5.560513e-14 -1.479430e+06 
  5.563849e-14 -1.211797e+06 
  5.567185e-14 -9.639912e+05 
  5.570520e-14 -7.388127e+05 
  5.573856e-14 -5.388547e+05 
  5.577192e-14 -3.669813e+05 
  5.580527e-14 -2.260463e+05 
  5.583863e-14 -1.182621e+05 
  5.587199e-14 -4.494981e+04 
  5.590534e-14 -6.863602e+03 
  5.593870e-14 -4.583607e+03 
  5.597206e-14 -3.844104e+04 
  5.600541e-14 -1.080729e+05 
  5.603877e-14 -2.122047e+05 
  5.607212e-14 -3.490011e+05 
  5.610548e-14 -5.166089e+05 
  5.613884e-14 -7.132221e+05 
  5.617219e-14 -9.365373e+05 
  5.620555e-14 -1.183231e+06 
  5.623891e-14 -1.449166e+06 
  5.627226e-14 -1.730246e+06 
  5.630562e-14 -2.023039e+06 
  5.633898e-14 -2.324436e+06 
  5.637233e-14 -2.630658e+06 
  5.640569e-14 -2.936718e+06 
  5.643904e-14 -3.237082e+06 
  5.647240e-14 -3.527011e+06 
  5.650576e-14 -3.803270e+06 
  5.653911e-14 -4.063434e+06 
  5.657247e-14 -4.304480e+06 
  5.660583e-14 -4.522171e+06 
  5.663918e-14 -4.711970e+06 
  5.667254e-14 -4.870644e+06 
  5.670590e-14 -4.996981e+06 
  5.673925e-14 -5.090849e+06 
  5.677261e-14 -5.151582e+06 
  5.680597e-14 -5.177340e+06 
  5.683932e-14 -5.166124e+06 
  5.687268e-14 -5.117427e+06 
  5.690603e-14 -5.032833e+06 
  5.693939e-14 -4.914994e+06 
  5.697275e-14 -4.766035e+06 
  5.700610e-14 -4.587050e+06 
  5.703946e-14 -4.379135e+06 
  5.707282e-14 -4.144854e+06 
  5.710617e-14 -3.888581e+06 
  5.713953e-14 -3.615354e+06 
  5.717289e-14 -3.329386e+06 
  5.720624e-14 -3.033675e+06 
  5.723960e-14 -2.730982e+06 
  5.727296e-14 -2.425071e+06 
  5.730631e-14 -2.120926e+06 
  5.733967e-14 -1.823801e+06 
  5.737302e-14 -1.538117e+06 
  5.740638e-14 -1.267256e+06 
  5.743974e-14 -1.014282e+06 
  5.747309e-14 -7.826646e+05 
  5.750645e-14 -5.762025e+05 
  5.753981e-14 -3.982991e+05 
  5.757316e-14 -2.513941e+05 
  5.760652e-14 -1.370934e+05 
  5.763988e-14 -5.670195e+04 
  5.767323e-14 -1.147236e+04 
  5.770659e-14 -2.307786e+03 
  5.773994e-14 -2.934545e+04 
  5.777330e-14 -9.196514e+04 
  5.780666e-14 -1.892001e+05 
  5.784001e-14 -3.199949e+05 
  5.787337e-14 -4.829258e+05 
  5.790673e-14 -6.756916e+05 
  5.794008e-14 -8.950515e+05 
  5.797344e-14 -1.137429e+06 
  5.800680e-14 -1.399602e+06 
  5.804015e-14 -1.678695e+06 
  5.807351e-14 -1.971418e+06 
  5.810687e-14 -2.273384e+06 
  5.814022e-14 -2.579385e+06 
  5.817358e-14 -2.884490e+06 
  5.820693e-14 -3.184914e+06 
  5.824029e-14 -3.477722e+06 
  5.827365e-14 -3.759626e+06 
  5.830700e-14 -4.026153e+06 
  5.834036e-14 -4.272173e+06 
  5.837372e-14 -4.493370e+06 
  5.840707e-14 -4.687231e+06 
  5.844043e-14 -4.852540e+06 
  5.847379e-14 -4.987902e+06 
  5.850714e-14 -5.090826e+06 
  5.854050e-14 -5.158371e+06 
  5.857386e-14 -5.188733e+06 
  5.860721e-14 -5.182157e+06 
  5.864057e-14 -5.140255e+06 
  5.867392e-14 -5.064411e+06 
  5.870728e-14 -4.954930e+06 
  5.874064e-14 -4.811780e+06 
  5.877399e-14 -4.636152e+06 
  5.880735e-14 -4.431231e+06 
  5.884071e-14 -4.201390e+06 
  5.887406e-14 -3.950627e+06 
  5.890742e-14 -3.681804e+06 
  5.894078e-14 -3.397334e+06 
  5.897413e-14 -3.100509e+06 
  5.900749e-14 -2.796041e+06 
  5.904084e-14 -2.489299e+06 
  5.907420e-14 -2.185049e+06 
  5.910756e-14 -1.886958e+06 
  5.914091e-14 -1.598216e+06 
  5.917427e-14 -1.322488e+06 
  5.920763e-14 -1.064136e+06 
  5.924098e-14 -8.275327e+05 
  5.927434e-14 -6.162208e+05 
  5.930770e-14 -4.327386e+05 
  5.934105e-14 -2.791375e+05 
  5.937441e-14 -1.574864e+05 
  5.940777e-14 -6.979487e+04 
  5.944112e-14 -1.752058e+04 
  5.947448e-14 -1.281496e+03 
  5.950783e-14 -2.107602e+04 
  5.954119e-14 -7.666061e+04 
  5.957455e-14 -1.675544e+05 
  5.960790e-14 -2.926414e+05 
  5.964126e-14 -4.498995e+05 
  5.967462e-14 -6.366883e+05 
  5.970797e-14 -8.503546e+05 
  5.974133e-14 -1.088460e+06 
  5.977469e-14 -1.348302e+06 
  5.980804e-14 -1.626232e+06 
  5.984140e-14 -1.917609e+06 
  5.987476e-14 -2.217621e+06 
  5.990811e-14 -2.522200e+06 
  5.994147e-14 -2.828080e+06 
  5.997482e-14 -3.131884e+06 
  6.000818e-14 -3.429196e+06 
  6.004154e-14 -3.714712e+06 
  6.007489e-14 -3.983460e+06 
  6.010825e-14 -4.231928e+06 
  6.014161e-14 -4.457951e+06 
  6.017496e-14 -4.659454e+06 
  6.020832e-14 -4.833376e+06 
  6.024168e-14 -4.975932e+06 
  6.027503e-14 -5.084049e+06 
  6.030839e-14 -5.156532e+06 
  6.034174e-14 -5.193779e+06 
  6.037510e-14 -5.196331e+06 
  6.040846e-14 -5.163754e+06 
  6.044181e-14 -5.095009e+06 
  6.047517e-14 -4.989952e+06 
  6.050853e-14 -4.850421e+06 
  6.054188e-14 -4.679825e+06 
  6.057524e-14 -4.481645e+06 
  6.060860e-14 -4.258363e+06 
  6.064195e-14 -4.011825e+06 
  6.067531e-14 -3.744559e+06 
  6.070867e-14 -3.460629e+06 
  6.074202e-14 -3.165139e+06 
  6.077538e-14 -2.862923e+06 
  6.080873e-14 -2.557746e+06 
  6.084209e-14 -2.252727e+06 
  6.087545e-14 -1.951420e+06 
  6.090880e-14 -1.658373e+06 
  6.094216e-14 -1.378604e+06 
  6.097552e-14 -1.116589e+06 
  6.100887e-14 -8.757507e+05 
  6.104223e-14 -6.588337e+05 
  6.107559e-14 -4.685745e+05 
  6.110894e-14 -3.078825e+05 
  6.114230e-14 -1.793858e+05 
  6.117566e-14 -8.491479e+04 
  6.120901e-14 -2.548477e+04 
  6.124237e-14 -1.698970e+03 
  6.127572e-14 -1.401117e+04 
  6.130908e-14 -6.251696e+04 
  6.134244e-14 -1.465641e+05 
  6.137579e-14 -2.647138e+05 
  6.140915e-14 -4.151459e+05 
  6.144251e-14 -5.960136e+05 
  6.147586e-14 -8.052629e+05 
  6.150922e-14 -1.040076e+06 
  6.154258e-14 -1.296633e+06 
  6.157593e-14 -1.570623e+06 
  6.160929e-14 -1.858102e+06 
  6.164264e-14 -2.155808e+06 
  6.167600e-14 -2.460548e+06 
  6.170936e-14 -2.768272e+06 
  6.174271e-14 -3.073892e+06 
  6.177607e-14 -3.372164e+06 
  6.180943e-14 -3.658822e+06 
  6.184278e-14 -3.930815e+06 
  6.187614e-14 -4.185380e+06 
  6.190950e-14 -4.418924e+06 
  6.194285e-14 -4.626987e+06 
  6.197621e-14 -4.805442e+06 
  6.200957e-14 -4.951817e+06 
  6.204292e-14 -5.065387e+06 
  6.207628e-14 -5.145949e+06 
  6.210963e-14 -5.192511e+06 
  6.214299e-14 -5.203236e+06 
  6.217635e-14 -5.176720e+06 
  6.220970e-14 -5.113276e+06 
  6.224306e-14 -5.014931e+06 
  6.227642e-14 -4.884150e+06 
  6.230977e-14 -4.722611e+06 
  6.234313e-14 -4.531275e+06 
  6.237649e-14 -4.311654e+06 
  6.240984e-14 -4.066925e+06 
  6.244320e-14 -3.801760e+06 
  6.247656e-14 -3.521030e+06 
  6.250991e-14 -3.228673e+06 
  6.254327e-14 -2.927765e+06 
  6.257662e-14 -2.621575e+06 
  6.260998e-14 -2.314397e+06 
  6.264334e-14 -2.011319e+06 
  6.267669e-14 -1.717209e+06 
  6.271005e-14 -1.435975e+06 
  6.274341e-14 -1.170769e+06 
  6.277676e-14 -9.247663e+05 
  6.281012e-14 -7.016083e+05 
  6.284348e-14 -5.050463e+05 
  6.287683e-14 -3.382143e+05 
  6.291019e-14 -2.032827e+05 
  6.294354e-14 -1.017387e+05 
  6.297690e-14 -3.483434e+04 
  6.301026e-14 -3.646256e+03 
  6.304361e-14 -8.738092e+03 
  6.307697e-14 -4.991184e+04 
  6.311033e-14 -1.263909e+05 
  6.314368e-14 -2.371972e+05 
  6.317704e-14 -3.812009e+05 
  6.321040e-14 -5.567107e+05 
  6.324375e-14 -7.610752e+05 
  6.327711e-14 -9.908487e+05 
  6.331047e-14 -1.242460e+06 
  6.334382e-14 -1.512695e+06 
  6.337718e-14 -1.798450e+06 
  6.341053e-14 -2.095989e+06 
  6.344389e-14 -2.400603e+06 
  6.347725e-14 -2.707189e+06 
  6.351060e-14 -3.011289e+06 
  6.354396e-14 -3.309544e+06 
  6.357732e-14 -3.599022e+06 
  6.361067e-14 -3.876099e+06 
  6.364403e-14 -4.136064e+06 
  6.367739e-14 -4.373986e+06 
  6.371074e-14 -4.586051e+06 
  6.374410e-14 -4.770050e+06 
  6.377746e-14 -4.924557e+06 
  6.381081e-14 -5.047671e+06 
  6.384417e-14 -5.136692e+06 
  6.387752e-14 -5.189146e+06 
  6.391088e-14 -5.204141e+06 
  6.394424e-14 -5.182670e+06 
  6.397759e-14 -5.126517e+06 
  6.401095e-14 -5.036848e+06 
  6.404431e-14 -4.913884e+06 
  6.407766e-14 -4.757954e+06 
  6.411102e-14 -4.570815e+06 
  6.414438e-14 -4.355906e+06 
  6.417773e-14 -4.117310e+06 
  6.421109e-14 -3.858524e+06 
  6.424444e-14 -3.582241e+06 
  6.427780e-14 -3.291297e+06 
  6.431116e-14 -2.989688e+06 
  6.434451e-14 -2.682578e+06 
  6.437787e-14 -2.375274e+06 
  6.441123e-14 -2.072206e+06 
  6.444458e-14 -1.776834e+06 
  6.447794e-14 -1.492433e+06 
  6.451130e-14 -1.222821e+06 
  6.454465e-14 -9.722771e+05 
  6.457801e-14 -7.448083e+05 
  6.461137e-14 -5.435619e+05 
  6.464472e-14 -3.709173e+05 
  6.467808e-14 -2.289972e+05 
  6.471143e-14 -1.199309e+05 
  6.474479e-14 -4.557960e+04 
  6.477815e-14 -7.086269e+03 
  6.481150e-14 -4.780468e+03 
  6.484486e-14 -3.849567e+04 
  6.487822e-14 -1.078491e+05 
  6.491157e-14 -2.121096e+05 
  6.494493e-14 -3.498318e+05 
  6.497829e-14 -5.187732e+05 
  6.501164e-14 -7.162992e+05 
  6.504500e-14 -9.398565e+05 
  6.507835e-14 -1.186934e+06 
  6.511171e-14 -1.454478e+06 
  6.514507e-14 -1.738417e+06 
  6.517842e-14 -2.033934e+06 
  6.521178e-14 -2.336367e+06 
  6.524514e-14 -2.641875e+06 
  6.527849e-14 -2.947162e+06 
  6.531185e-14 -3.248550e+06 
  6.534521e-14 -3.541403e+06 
  6.537856e-14 -3.820637e+06 
  6.541192e-14 -4.081886e+06 
  6.544528e-14 -4.322163e+06 
  6.547863e-14 -4.539322e+06 
  6.551199e-14 -4.730843e+06 
  6.554534e-14 -4.893258e+06 
  6.557870e-14 -5.022886e+06 
  6.561206e-14 -5.117237e+06 
  6.564541e-14 -5.175699e+06 
  6.567877e-14 -5.198832e+06 
  6.571213e-14 -5.186994e+06 
  6.574548e-14 -5.139716e+06 
  6.577884e-14 -5.056441e+06 
  6.581220e-14 -4.937848e+06 
  6.584555e-14 -4.786371e+06 
  6.587891e-14 -4.605375e+06 
  6.591227e-14 -4.397823e+06 
  6.594562e-14 -4.165770e+06 
  6.597898e-14 -3.911140e+06 
  6.601233e-14 -3.636941e+06 
  6.604569e-14 -3.347646e+06 
  6.607905e-14 -3.048389e+06 
  6.611240e-14 -2.743793e+06 
  6.614576e-14 -2.437572e+06 
  6.617912e-14 -2.133158e+06 
  6.621247e-14 -1.834560e+06 
  6.624583e-14 -1.546499e+06 
  6.627919e-14 -1.273696e+06 
  6.631254e-14 -1.020074e+06 
  6.634590e-14 -7.886394e+05 
  6.637925e-14 -5.820258e+05 
  6.641261e-14 -4.030201e+05 
  6.644597e-14 -2.544913e+05 
  6.647932e-14 -1.388664e+05 
  6.651268e-14 -5.775185e+04 
  6.654604e-14 -1.204912e+04 
  6.657939e-14 -2.303209e+03 
  6.661275e-14 -2.879235e+04 
  6.664611e-14 -9.125537e+04 
  6.667946e-14 -1.886494e+05 
  6.671282e-14 -3.193151e+05 
  6.674618e-14 -4.814075e+05 
  6.677953e-14 -6.730700e+05 
  6.681289e-14 -8.920857e+05 
  6.684624e-14 -1.135378e+06 
  6.687960e-14 -1.398993e+06 
  6.691296e-14 -1.678726e+06 
  6.694631e-14 -1.970795e+06 
  6.697967e-14 -2.271843e+06 
  6.701303e-14 -2.578233e+06 
  6.704638e-14 -2.885407e+06 
  6.707974e-14 -3.188129e+06 
  6.711310e-14 -3.481497e+06 
  6.714645e-14 -3.761784e+06 
  6.717981e-14 -4.026237e+06 
  6.721317e-14 -4.272020e+06 
  6.724652e-14 -4.495414e+06 
  6.727988e-14 -4.692171e+06 
  6.731323e-14 -4.858736e+06 
  6.734659e-14 -4.993124e+06 
  6.737995e-14 -5.094580e+06 
  6.741330e-14 -5.162366e+06 
  6.744666e-14 -5.194988e+06 
  6.748002e-14 -5.190698e+06 
  6.751337e-14 -5.148820e+06 
  6.754673e-14 -5.070552e+06 
  6.758009e-14 -4.958412e+06 
  6.761344e-14 -4.814876e+06 
  6.764680e-14 -4.641525e+06 
  6.768015e-14 -4.439520e+06 
  6.771351e-14 -4.210833e+06 
  6.774687e-14 -3.958954e+06 
  6.778022e-14 -3.688378e+06 
  6.781358e-14 -3.403441e+06 
  6.784694e-14 -3.107685e+06 
  6.788029e-14 -2.804307e+06 
  6.791365e-14 -2.497116e+06 
  6.794701e-14 -2.190905e+06 
  6.798036e-14 -1.890860e+06 
  6.801372e-14 -1.601586e+06 
  6.804708e-14 -1.326707e+06 
  6.808043e-14 -1.069310e+06 
  6.811379e-14 -8.326395e+05 
  6.814714e-14 -6.202717e+05 
  6.818050e-14 -4.356333e+05 
  6.821386e-14 -2.814317e+05 
  6.824721e-14 -1.595624e+05 
  6.828057e-14 -7.146641e+04 
  6.831393e-14 -1.842096e+04 
  6.834728e-14 -1.405844e+03 
  6.838064e-14 -2.074287e+04 
  6.841400e-14 -7.597733e+04 
  6.844735e-14 -1.661463e+05 
  6.848071e-14 -2.900782e+05 
  6.851407e-14 -4.463195e+05 
  6.854742e-14 -6.327646e+05 
  6.858078e-14 -8.464913e+05 
  6.861413e-14 -1.084125e+06 
  6.864749e-14 -1.342425e+06 
  6.868085e-14 -1.618440e+06 
  6.871420e-14 -1.908983e+06 
  6.874756e-14 -2.209954e+06 
  6.878092e-14 -2.516304e+06 
  6.881427e-14 -2.822839e+06 
  6.884763e-14 -3.125164e+06 
  6.888099e-14 -3.419850e+06 
  6.891434e-14 -3.703672e+06 
  6.894770e-14 -3.972751e+06 
  6.898105e-14 -4.222581e+06 
  6.901441e-14 -4.448979e+06 
  6.904777e-14 -4.649030e+06 
  6.908112e-14 -4.821005e+06 
  6.911448e-14 -4.963336e+06 
  6.914784e-14 -5.073702e+06 
  6.918119e-14 -5.149258e+06 
  6.921455e-14 -5.187860e+06 
  6.924791e-14 -5.189113e+06 
  6.928126e-14 -5.154191e+06 
  6.931462e-14 -5.084622e+06 
  6.934798e-14 -4.981269e+06 
  6.938133e-14 -4.844503e+06 
  6.941469e-14 -4.675356e+06 
  6.944804e-14 -4.476437e+06 
  6.948140e-14 -4.251659e+06 
  6.951476e-14 -4.005055e+06 
  6.954811e-14 -3.739868e+06 
  6.958147e-14 -3.458748e+06 
  6.961483e-14 -3.164746e+06 
  6.964818e-14 -2.862023e+06 
  6.968154e-14 -2.555551e+06 
  6.971490e-14 -2.250163e+06 
  6.974825e-14 -1.949926e+06 
  6.978161e-14 -1.658380e+06 
  6.981497e-14 -1.379256e+06 
  6.984832e-14 -1.116804e+06 
  6.988168e-14 -8.753593e+05 
  6.991503e-14 -6.586053e+05 
  6.994839e-14 -4.692608e+05 
  6.998175e-14 -3.094079e+05 
  7.001510e-14 -1.810044e+05 
  7.004846e-14 -8.600130e+04 
  7.008182e-14 -2.600347e+04 
  7.011517e-14 -1.916236e+03 
  7.014853e-14 -1.396071e+04 
  7.018189e-14 -6.194310e+04 
  7.021524e-14 -1.453580e+05 
  7.024860e-14 -2.631579e+05 
  7.028195e-14 -4.135027e+05 
  7.031531e-14 -5.938968e+05 
  7.034867e-14 -8.016687e+05 
  7.038202e-14 -1.034286e+06 
  7.041538e-14 -1.289103e+06 
  7.044874e-14 -1.562777e+06 
  7.048209e-14 -1.851029e+06 
  7.051545e-14 -2.149144e+06 
  7.054881e-14 -2.452797e+06 
  7.058216e-14 -2.758375e+06 
  7.061552e-14 -3.062442e+06 
  7.064888e-14 -3.360897e+06 
  7.068223e-14 -3.648784e+06 
  7.071559e-14 -3.921080e+06 
  7.074894e-14 -4.173753e+06 
  7.078230e-14 -4.404066e+06 
  7.081566e-14 -4.609833e+06 
  7.084901e-14 -4.788432e+06 
  7.088237e-14 -4.936650e+06 
  7.091573e-14 -5.051579e+06 
  7.094908e-14 -5.131647e+06 
 