 0 0 
  3.335641e-17 0 
  6.671282e-17 0 
  1.000692e-16 0 
  1.334256e-16 0 
  1.667820e-16 0 
  2.001385e-16 0 
  2.334949e-16 0 
  2.668513e-16 0 
  3.002077e-16 0 
  3.335641e-16 1.767489e-08 
  3.669205e-16 4.097335e-06 
  4.002769e-16 2.479182e-04 
  4.336333e-16 6.916290e-03 
  4.669897e-16 1.118972e-01 
  5.003461e-16 1.187404e+00 
  5.337026e-16 8.915109e+00 
  5.670590e-16 4.981932e+01 
  6.004154e-16 2.147543e+02 
  6.337718e-16 7.332000e+02 
  6.671282e-16 2.023557e+03 
  7.004846e-16 4.591826e+03 
  7.338410e-16 8.702469e+03 
  7.671974e-16 1.400761e+04 
  8.005538e-16 1.954618e+04 
  8.339102e-16 2.429132e+04 
  8.672666e-16 2.783541e+04 
  9.006231e-16 3.059128e+04 
  9.339795e-16 3.336327e+04 
  9.673359e-16 3.665874e+04 
  1.000692e-15 4.018072e+04 
  1.034049e-15 4.285509e+04 
  1.067405e-15 4.353410e+04 
  1.100762e-15 4.189336e+04 
  1.134118e-15 3.865275e+04 
  1.167474e-15 3.492167e+04 
  1.200831e-15 3.136619e+04 
  1.234187e-15 2.785861e+04 
  1.267544e-15 2.376256e+04 
  1.300900e-15 1.866716e+04 
  1.334256e-15 1.296954e+04 
  1.367613e-15 7.660437e+03 
  1.400969e-15 3.569746e+03 
  1.434326e-15 9.839029e+02 
  1.467682e-15 -7.163394e+01 
  1.501038e-15 6.360712e+02 
  1.534395e-15 3.729282e+03 
  1.567751e-15 9.934533e+03 
  1.601108e-15 1.956058e+04 
  1.634464e-15 3.238940e+04 
  1.667820e-15 4.824417e+04 
  1.701177e-15 6.757919e+04 
  1.734533e-15 9.134996e+04 
  1.767890e-15 1.202233e+05 
  1.801246e-15 1.538643e+05 
  1.834603e-15 1.910759e+05 
  1.867959e-15 2.308307e+05 
  1.901315e-15 2.732057e+05 
  1.934672e-15 3.191776e+05 
  1.968028e-15 3.693796e+05 
  2.001385e-15 4.229904e+05 
  2.034741e-15 4.778802e+05 
  2.068097e-15 5.320276e+05 
  2.101454e-15 5.849008e+05 
  2.134810e-15 6.373864e+05 
  2.168167e-15 6.902753e+05 
  2.201523e-15 7.427543e+05 
  2.234879e-15 7.923681e+05 
  2.268236e-15 8.365642e+05 
  2.301592e-15 8.743935e+05 
  2.334949e-15 9.067021e+05 
  2.368305e-15 9.346280e+05 
  2.401661e-15 9.578994e+05 
  2.435018e-15 9.745819e+05 
  2.468374e-15 9.825062e+05 
  2.501731e-15 9.809896e+05 
  2.535087e-15 9.711762e+05 
  2.568444e-15 9.547085e+05 
  2.601800e-15 9.321019e+05 
  2.635156e-15 9.024095e+05 
  2.668513e-15 8.644390e+05 
  2.701869e-15 8.182813e+05 
  2.735226e-15 7.656440e+05 
  2.768582e-15 7.087308e+05 
  2.801938e-15 6.488555e+05 
  2.835295e-15 5.861332e+05 
  2.868651e-15 5.204333e+05 
  2.902008e-15 4.525576e+05 
  2.935364e-15 3.844723e+05 
  2.968720e-15 3.184534e+05 
  3.002077e-15 2.561005e+05 
  3.035433e-15 1.981729e+05 
  3.068790e-15 1.452483e+05 
  3.102146e-15 9.840617e+04 
  3.135502e-15 5.922931e+04 
  3.168859e-15 2.922429e+04 
  3.202215e-15 9.366695e+03 
  3.235572e-15 2.254782e+02 
  3.268928e-15 2.388075e+03 
  3.302285e-15 1.660132e+04 
  3.335641e-15 4.344707e+04 
  3.368997e-15 8.297322e+04 
  3.402354e-15 1.347917e+05 
  3.435710e-15 1.985776e+05 
  3.469067e-15 2.743514e+05 
  3.502423e-15 3.621228e+05 
  3.535779e-15 4.612134e+05 
  3.569136e-15 5.700187e+05 
  3.602492e-15 6.865872e+05 
  3.635849e-15 8.094989e+05 
  3.669205e-15 9.381024e+05 
  3.702561e-15 1.071785e+06 
  3.735918e-15 1.208990e+06 
  3.769274e-15 1.347032e+06 
  3.802631e-15 1.483004e+06 
  3.835987e-15 1.614919e+06 
  3.869344e-15 1.741935e+06 
  3.902700e-15 1.863395e+06 
  3.936056e-15 1.977664e+06 
  3.969413e-15 2.081988e+06 
  4.002769e-15 2.173577e+06 
  4.036126e-15 2.250884e+06 
  4.069482e-15 2.313784e+06 
  4.102838e-15 2.362478e+06 
  4.136195e-15 2.396250e+06 
  4.169551e-15 2.413329e+06 
  4.202908e-15 2.412017e+06 
  4.236264e-15 2.391973e+06 
  4.269620e-15 2.354377e+06 
  4.302977e-15 2.300858e+06 
  4.336333e-15 2.232273e+06 
  4.369690e-15 2.148540e+06 
  4.403046e-15 2.049619e+06 
  4.436402e-15 1.936625e+06 
  4.469759e-15 1.811954e+06 
  4.503115e-15 1.678385e+06 
  4.536472e-15 1.538078e+06 
  4.569828e-15 1.392433e+06 
  4.603185e-15 1.242831e+06 
  4.636541e-15 1.091400e+06 
  4.669897e-15 9.410522e+05 
  4.703254e-15 7.948002e+05 
  4.736610e-15 6.551004e+05 
  4.769967e-15 5.238216e+05 
  4.803323e-15 4.027344e+05 
  4.836679e-15 2.939149e+05 
  4.870036e-15 1.996438e+05 
  4.903392e-15 1.219684e+05 
  4.936749e-15 6.242006e+04 
  4.970105e-15 2.212083e+04 
  5.003461e-15 2.048172e+03 
  5.036818e-15 3.091825e+03 
  5.070174e-15 2.584579e+04 
  5.103531e-15 7.041891e+04 
  5.136887e-15 1.365121e+05 
  5.170243e-15 2.236523e+05 
  5.203600e-15 3.312538e+05 
  5.236956e-15 4.583843e+05 
  5.270313e-15 6.035019e+05 
  5.303669e-15 7.645230e+05 
  5.337026e-15 9.392279e+05 
  5.370382e-15 1.125592e+06 
  5.403738e-15 1.321659e+06 
  5.437095e-15 1.525079e+06 
  5.470451e-15 1.732833e+06 
  5.503808e-15 1.941534e+06 
  5.537164e-15 2.148096e+06 
  5.570520e-15 2.350090e+06 
  5.603877e-15 2.545440e+06 
  5.637233e-15 2.731757e+06 
  5.670590e-15 2.906042e+06 
  5.703946e-15 3.065123e+06 
  5.737302e-15 3.206425e+06 
  5.770659e-15 3.328304e+06 
  5.804015e-15 3.429625e+06 
  5.837372e-15 3.509028e+06 
  5.870728e-15 3.564682e+06 
  5.904084e-15 3.594825e+06 
  5.937441e-15 3.598572e+06 
  5.970797e-15 3.576199e+06 
  6.004154e-15 3.528640e+06 
  6.037510e-15 3.456746e+06 
  6.070867e-15 3.361043e+06 
  6.104223e-15 3.242219e+06 
  6.137579e-15 3.101777e+06 
  6.170936e-15 2.942161e+06 
  6.204292e-15 2.766216e+06 
  6.237649e-15 2.576530e+06 
  6.271005e-15 2.375296e+06 
  6.304361e-15 2.164755e+06 
  6.337718e-15 1.947713e+06 
  6.371074e-15 1.727596e+06 
  6.404431e-15 1.508018e+06 
  6.437787e-15 1.292324e+06 
  6.471143e-15 1.083540e+06 
  6.504500e-15 8.846621e+05 
  6.537856e-15 6.988734e+05 
  6.571213e-15 5.294053e+05 
  6.604569e-15 3.791627e+05 
  6.637925e-15 2.504898e+05 
  6.671282e-15 1.452597e+05 
  6.704638e-15 6.510720e+04 
  6.737995e-15 1.151068e+04 
  6.771351e-15 -1.434927e+04 
  6.804708e-15 -1.175504e+04 
  6.838064e-15 1.955572e+04 
  6.871420e-15 7.951720e+04 
  6.904777e-15 1.677605e+05 
  6.938133e-15 2.834469e+05 
  6.971490e-15 4.250909e+05 
  7.004846e-15 5.906207e+05 
  7.038202e-15 7.776699e+05 
  7.071559e-15 9.838140e+05 
  7.104915e-15 1.206507e+06 
  7.138272e-15 1.442830e+06 
  7.171628e-15 1.689405e+06 
  7.204984e-15 1.942677e+06 
  7.238341e-15 2.199312e+06 
  7.271697e-15 2.456264e+06 
  7.305054e-15 2.710400e+06 
  7.338410e-15 2.958049e+06 
  7.371767e-15 3.195043e+06 
  7.405123e-15 3.417336e+06 
  7.438479e-15 3.621674e+06 
  7.471836e-15 3.805706e+06 
  7.505192e-15 3.967419e+06 
  7.538549e-15 4.104537e+06 
  7.571905e-15 4.214535e+06 
  7.605261e-15 4.295279e+06 
  7.638618e-15 4.345637e+06 
  7.671974e-15 4.365394e+06 
  7.705331e-15 4.354528e+06 
  7.738687e-15 4.312658e+06 
  7.772043e-15 4.239295e+06 
  7.805400e-15 4.134759e+06 
  7.838756e-15 4.000863e+06 
  7.872113e-15 3.840654e+06 
  7.905469e-15 3.657406e+06 
  7.938825e-15 3.453779e+06 
  7.972182e-15 3.231886e+06 
  8.005538e-15 2.994062e+06 
  8.038895e-15 2.743485e+06 
  8.072251e-15 2.484016e+06 
  8.105608e-15 2.219493e+06 
  8.138964e-15 1.953280e+06 
  8.172320e-15 1.688540e+06 
  8.205677e-15 1.428926e+06 
  8.239033e-15 1.178875e+06 
  8.272390e-15 9.431124e+05 
  8.305746e-15 7.257748e+05 
  8.339102e-15 5.299293e+05 
  8.372459e-15 3.578240e+05 
  8.405815e-15 2.114824e+05 
  8.439172e-15 9.299744e+04 
  8.472528e-15 4.319633e+03 
  8.505884e-15 -5.309436e+04 
  8.539241e-15 -7.832394e+04 
  8.572597e-15 -7.072462e+04 
  8.605954e-15 -2.978603e+04 
  8.639310e-15 4.459837e+04 
  8.672666e-15 1.516774e+05 
  8.706023e-15 2.897263e+05 
  8.739379e-15 4.564714e+05 
  8.772736e-15 6.496463e+05 
  8.806092e-15 8.670955e+05 
  8.839449e-15 1.106328e+06 
  8.872805e-15 1.364050e+06 
  8.906161e-15 1.636264e+06 
  8.939518e-15 1.918886e+06 
  8.972874e-15 2.208232e+06 
  9.006231e-15 2.500808e+06 
  9.039587e-15 2.792615e+06 
  9.072943e-15 3.078807e+06 
  9.106300e-15 3.354244e+06 
  9.139656e-15 3.614570e+06 
  9.173013e-15 3.856787e+06 
  9.206369e-15 4.078701e+06 
  9.239725e-15 4.277759e+06 
  9.273082e-15 4.450414e+06 
  9.306438e-15 4.592724e+06 
  9.339795e-15 4.701640e+06 
  9.373151e-15 4.775801e+06 
  9.406507e-15 4.815123e+06 
  9.439864e-15 4.819707e+06 
  9.473220e-15 4.789225e+06 
  9.506577e-15 4.723398e+06 
  9.539933e-15 4.622964e+06 
  9.573290e-15 4.490034e+06 
  9.606646e-15 4.327360e+06 
  9.640002e-15 4.137215e+06 
  9.673359e-15 3.921030e+06 
  9.706715e-15 3.680202e+06 
  9.740072e-15 3.417324e+06 
  9.773428e-15 3.136665e+06 
  9.806784e-15 2.843468e+06 
  9.840141e-15 2.542747e+06 
  9.873497e-15 2.238688e+06 
  9.906854e-15 1.935012e+06 
  9.940210e-15 1.635731e+06 
  9.973566e-15 1.345399e+06 
  1.000692e-14 1.068631e+06 
  1.004028e-14 8.094664e+05 
  1.007364e-14 5.712443e+05 
  1.010699e-14 3.570510e+05 
  1.014035e-14 1.701507e+05 
  1.017370e-14 1.385414e+04 
  1.020706e-14 -1.090761e+05 
  1.024042e-14 -1.968791e+05 
  1.027377e-14 -2.486741e+05 
  1.030713e-14 -2.639618e+05 
  1.034049e-14 -2.423098e+05 
  1.037384e-14 -1.835245e+05 
  1.040720e-14 -8.804940e+04 
  1.044056e-14 4.288573e+04 
  1.047391e-14 2.074927e+05 
  1.050727e-14 4.036885e+05 
  1.054063e-14 6.290198e+05 
  1.057398e-14 8.803256e+05 
  1.060734e-14 1.153606e+06 
  1.064069e-14 1.444400e+06 
  1.067405e-14 1.748402e+06 
  1.070741e-14 2.061719e+06 
  1.074076e-14 2.380486e+06 
  1.077412e-14 2.700246e+06 
  1.080748e-14 3.015787e+06 
  1.084083e-14 3.321709e+06 
  1.087419e-14 3.613250e+06 
  1.090755e-14 3.886609e+06 
  1.094090e-14 4.138544e+06 
  1.097426e-14 4.365733e+06 
  1.100762e-14 4.564624e+06 
  1.104097e-14 4.731919e+06 
  1.107433e-14 4.865157e+06 
  1.110768e-14 4.962748e+06 
  1.114104e-14 5.023442e+06 
  1.117440e-14 5.045858e+06 
  1.120775e-14 5.028695e+06 
  1.124111e-14 4.971516e+06 
  1.127447e-14 4.875370e+06 
  1.130782e-14 4.742596e+06 
  1.134118e-14 4.575949e+06 
  1.137454e-14 4.377818e+06 
  1.140789e-14 4.150197e+06 
  1.144125e-14 3.895330e+06 
  1.147460e-14 3.616329e+06 
  1.150796e-14 3.317212e+06 
  1.154132e-14 3.002436e+06 
  1.157467e-14 2.676477e+06 
  1.160803e-14 2.343862e+06 
  1.164139e-14 2.009461e+06 
  1.167474e-14 1.678553e+06 
  1.170810e-14 1.356442e+06 
  1.174146e-14 1.047918e+06 
  1.177481e-14 7.570491e+05 
  1.180817e-14 4.874645e+05 
  1.184153e-14 2.427720e+05 
  1.187488e-14 2.665100e+04 
  1.190824e-14 -1.574827e+05 
  1.194159e-14 -3.069087e+05 
  1.197495e-14 -4.197379e+05 
  1.200831e-14 -4.947019e+05 
  1.204166e-14 -5.308839e+05 
  1.207502e-14 -5.276617e+05 
  1.210838e-14 -4.848432e+05 
  1.214173e-14 -4.027684e+05 
  1.217509e-14 -2.822632e+05 
  1.220845e-14 -1.245777e+05 
  1.224180e-14 6.849707e+04 
  1.227516e-14 2.943765e+05 
  1.230852e-14 5.495715e+05 
  1.234187e-14 8.299342e+05 
  1.237523e-14 1.131131e+06 
  1.240858e-14 1.448968e+06 
  1.244194e-14 1.779324e+06 
  1.247530e-14 2.117844e+06 
  1.250865e-14 2.459773e+06 
  1.254201e-14 2.800117e+06 
  1.257537e-14 3.133950e+06 
  1.260872e-14 3.456537e+06 
  1.264208e-14 3.763195e+06 
  1.267544e-14 4.049156e+06 
  1.270879e-14 4.309756e+06 
  1.274215e-14 4.540884e+06 
  1.277550e-14 4.739300e+06 
  1.280886e-14 4.902484e+06 
  1.284222e-14 5.028162e+06 
  1.287557e-14 5.114011e+06 
  1.290893e-14 5.157910e+06 
  1.294229e-14 5.158561e+06 
  1.297564e-14 5.115921e+06 
  1.300900e-14 5.031040e+06 
  1.304236e-14 4.905513e+06 
  1.307571e-14 4.741070e+06 
  1.310907e-14 4.539675e+06 
  1.314243e-14 4.303908e+06 
  1.317578e-14 4.037160e+06 
  1.320914e-14 3.743381e+06 
  1.324249e-14 3.426661e+06 
  1.327585e-14 3.091104e+06 
  1.330921e-14 2.741097e+06 
  1.334256e-14 2.381636e+06 
  1.337592e-14 2.018230e+06 
  1.340928e-14 1.656381e+06 
  1.344263e-14 1.301056e+06 
  1.347599e-14 9.566560e+05 
  1.350935e-14 6.274329e+05 
  1.354270e-14 3.179244e+05 
  1.357606e-14 3.293339e+04 
  1.360942e-14 -2.229253e+05 
  1.364277e-14 -4.456931e+05 
  1.367613e-14 -6.321876e+05 
  1.370948e-14 -7.798195e+05 
  1.374284e-14 -8.864441e+05 
  1.377620e-14 -9.504518e+05 
  1.380955e-14 -9.709501e+05 
  1.384291e-14 -9.477497e+05 
  1.387627e-14 -8.811150e+05 
  1.390962e-14 -7.715654e+05 
  1.394298e-14 -6.200172e+05 
  1.397634e-14 -4.281899e+05 
  1.400969e-14 -1.988761e+05 
  1.404305e-14 6.423141e+04 
  1.407640e-14 3.570206e+05 
  1.410976e-14 6.753024e+05 
  1.414312e-14 1.014743e+06 
  1.417647e-14 1.370577e+06 
  1.420983e-14 1.737535e+06 
  1.424319e-14 2.110150e+06 
  1.427654e-14 2.483131e+06 
  1.430990e-14 2.851409e+06 
  1.434326e-14 3.209795e+06 
  1.437661e-14 3.552713e+06 
  1.440997e-14 3.874437e+06 
  1.444333e-14 4.169760e+06 
  1.447668e-14 4.434491e+06 
  1.451004e-14 4.665295e+06 
  1.454339e-14 4.859038e+06 
  1.457675e-14 5.012356e+06 
  1.461011e-14 5.121966e+06 
  1.464346e-14 5.185522e+06 
  1.467682e-14 5.202216e+06 
  1.471018e-14 5.172579e+06 
  1.474353e-14 5.097703e+06 
  1.477689e-14 4.978651e+06 
  1.481025e-14 4.816601e+06 
  1.484360e-14 4.613433e+06 
  1.487696e-14 4.372058e+06 
  1.491032e-14 4.096087e+06 
  1.494367e-14 3.789200e+06 
  1.497703e-14 3.454943e+06 
  1.501038e-14 3.097198e+06 
  1.504374e-14 2.720852e+06 
  1.507710e-14 2.331893e+06 
  1.511045e-14 1.936721e+06 
  1.514381e-14 1.541248e+06 
  1.517717e-14 1.150567e+06 
  1.521052e-14 7.693941e+05 
  1.524388e-14 4.027281e+05 
  1.527724e-14 5.601381e+04 
  1.531059e-14 -2.653432e+05 
  1.534395e-14 -5.565917e+05 
  1.537730e-14 -8.137964e+05 
  1.541066e-14 -1.033508e+06 
  1.544402e-14 -1.212438e+06 
  1.547737e-14 -1.347571e+06 
  1.551073e-14 -1.436634e+06 
  1.554409e-14 -1.478399e+06 
  1.557744e-14 -1.472528e+06 
  1.561080e-14 -1.419187e+06 
  1.564416e-14 -1.318911e+06 
  1.567751e-14 -1.172890e+06 
  1.571087e-14 -9.833412e+05 
  1.574423e-14 -7.534541e+05 
  1.577758e-14 -4.868940e+05 
  1.581094e-14 -1.873159e+05 
  1.584429e-14 1.416222e+05 
  1.587765e-14 4.958022e+05 
  1.591101e-14 8.702752e+05 
  1.594436e-14 1.259417e+06 
  1.597772e-14 1.657464e+06 
  1.601108e-14 2.058884e+06 
  1.604443e-14 2.458235e+06 
  1.607779e-14 2.849791e+06 
  1.611115e-14 3.227522e+06 
  1.614450e-14 3.585601e+06 
  1.617786e-14 3.919011e+06 
  1.621122e-14 4.223586e+06 
  1.624457e-14 4.495402e+06 
  1.627793e-14 4.730154e+06 
  1.631128e-14 4.923253e+06 
  1.634464e-14 5.070707e+06 
  1.637800e-14 5.170033e+06 
  1.641135e-14 5.220373e+06 
  1.644471e-14 5.221745e+06 
  1.647807e-14 5.174189e+06 
  1.651142e-14 5.077633e+06 
  1.654478e-14 4.932501e+06 
  1.657814e-14 4.740356e+06 
  1.661149e-14 4.503901e+06 
  1.664485e-14 4.226383e+06 
  1.667820e-14 3.911161e+06 
  1.671156e-14 3.561941e+06 
  1.674492e-14 3.183449e+06 
  1.677827e-14 2.781724e+06 
  1.681163e-14 2.363554e+06 
  1.684499e-14 1.935449e+06 
  1.687834e-14 1.503050e+06 
  1.691170e-14 1.071446e+06 
  1.694506e-14 6.460003e+05 
  1.697841e-14 2.328077e+05 
  1.701177e-14 -1.616651e+05 
  1.704513e-14 -5.313671e+05 
  1.707848e-14 -8.711320e+05 
  1.711184e-14 -1.176502e+06 
  1.714519e-14 -1.443299e+06 
  1.717855e-14 -1.667534e+06 
  1.721191e-14 -1.845809e+06 
  1.724526e-14 -1.975745e+06 
  1.727862e-14 -2.055943e+06 
  1.731198e-14 -2.085545e+06 
  1.734533e-14 -2.063886e+06 
  1.737869e-14 -1.990674e+06 
  1.741205e-14 -1.866495e+06 
  1.744540e-14 -1.693107e+06 
  1.747876e-14 -1.473186e+06 
  1.751211e-14 -1.209806e+06 
  1.754547e-14 -9.062388e+05 
  1.757883e-14 -5.662549e+05 
  1.761218e-14 -1.945452e+05 
  1.764554e-14 2.032773e+05 
  1.767890e-14 6.211790e+05 
  1.771225e-14 1.053220e+06 
  1.774561e-14 1.493578e+06 
  1.777897e-14 1.936143e+06 
  1.781232e-14 2.374251e+06 
  1.784568e-14 2.801002e+06 
  1.787904e-14 3.209947e+06 
  1.791239e-14 3.595466e+06 
  1.794575e-14 3.952479e+06 
  1.797910e-14 4.275839e+06 
  1.801246e-14 4.560149e+06 
  1.804582e-14 4.800342e+06 
  1.807917e-14 4.992507e+06 
  1.811253e-14 5.134174e+06 
  1.814589e-14 5.223766e+06 
  1.817924e-14 5.259829e+06 
  1.821260e-14 5.240896e+06 
  1.824596e-14 5.166164e+06 
  1.827931e-14 5.036342e+06 
  1.831267e-14 4.853786e+06 
  1.834603e-14 4.621782e+06 
  1.837938e-14 4.343683e+06 
  1.841274e-14 4.022734e+06 
  1.844609e-14 3.662658e+06 
  1.847945e-14 3.268290e+06 
  1.851281e-14 2.845540e+06 
  1.854616e-14 2.400723e+06 
  1.857952e-14 1.939988e+06 
  1.861288e-14 1.469427e+06 
  1.864623e-14 9.956534e+05 
  1.867959e-14 5.260648e+05 
  1.871295e-14 6.828720e+04 
  1.874630e-14 -3.708429e+05 
  1.877966e-14 -7.858662e+05 
  1.881301e-14 -1.172355e+06 
  1.884637e-14 -1.526016e+06 
  1.887973e-14 -1.842103e+06 
  1.891308e-14 -2.115629e+06 
  1.894644e-14 -2.342044e+06 
  1.897980e-14 -2.517723e+06 
  1.901315e-14 -2.639930e+06 
  1.904651e-14 -2.706598e+06 
  1.907987e-14 -2.716411e+06 
  1.911322e-14 -2.669190e+06 
  1.914658e-14 -2.566123e+06 
  1.917994e-14 -2.409433e+06 
  1.921329e-14 -2.201686e+06 
  1.924665e-14 -1.945386e+06 
  1.928000e-14 -1.643260e+06 
  1.931336e-14 -1.298939e+06 
  1.934672e-14 -9.173257e+05 
  1.938007e-14 -5.042901e+05 
  1.941343e-14 -6.601273e+04 
  1.944679e-14 3.913687e+05 
  1.948014e-14 8.615646e+05 
  1.951350e-14 1.337802e+06 
  1.954686e-14 1.812920e+06 
  1.958021e-14 2.279932e+06 
  1.961357e-14 2.732512e+06 
  1.964693e-14 3.164864e+06 
  1.968028e-14 3.571142e+06 
  1.971364e-14 3.945116e+06 
  1.974699e-14 4.280600e+06 
  1.978035e-14 4.572357e+06 
  1.981371e-14 4.816618e+06 
  1.984706e-14 5.010696e+06 
  1.988042e-14 5.152101e+06 
  1.991378e-14 5.238085e+06 
  1.994713e-14 5.266135e+06 
  1.998049e-14 5.234951e+06 
  2.001385e-14 5.144959e+06 
  2.004720e-14 4.997891e+06 
  2.008056e-14 4.795915e+06 
  2.011391e-14 4.541252e+06 
  2.014727e-14 4.236612e+06 
  2.018063e-14 3.885900e+06 
  2.021398e-14 3.494331e+06 
  2.024734e-14 3.067756e+06 
  2.028070e-14 2.611869e+06 
  2.031405e-14 2.132132e+06 
  2.034741e-14 1.634472e+06 
  2.038077e-14 1.125972e+06 
  2.041412e-14 6.147375e+05 
  2.044748e-14 1.089419e+05 
  2.048084e-14 -3.841090e+05 
  2.051419e-14 -8.580986e+05 
  2.054755e-14 -1.307063e+06 
  2.058090e-14 -1.724795e+06 
  2.061426e-14 -2.104951e+06 
  2.064762e-14 -2.441751e+06 
  2.068097e-14 -2.730521e+06 
  2.071433e-14 -2.967572e+06 
  2.074769e-14 -3.149692e+06 
  2.078104e-14 -3.273910e+06 
  2.081440e-14 -3.337903e+06 
  2.084776e-14 -3.340615e+06 
  2.088111e-14 -3.282442e+06 
  2.091447e-14 -3.164768e+06 
  2.094783e-14 -2.989369e+06 
  2.098118e-14 -2.758294e+06 
  2.101454e-14 -2.474307e+06 
  2.104789e-14 -2.141319e+06 
  2.108125e-14 -1.764275e+06 
  2.111461e-14 -1.348584e+06 
  2.114796e-14 -8.997126e+05 
  2.118132e-14 -4.233731e+05 
  2.121468e-14 7.394955e+04 
  2.124803e-14 5.848192e+05 
  2.128139e-14 1.101358e+06 
  2.131475e-14 1.616030e+06 
  2.134810e-14 2.121959e+06 
  2.138146e-14 2.612533e+06 
  2.141481e-14 3.080811e+06 
  2.144817e-14 3.519502e+06 
  2.148153e-14 3.921636e+06 
  2.151488e-14 4.281312e+06 
  2.154824e-14 4.593776e+06 
  2.158160e-14 4.854822e+06 
  2.161495e-14 5.060255e+06 
  2.164831e-14 5.206112e+06 
  2.168167e-14 5.289515e+06 
  2.171502e-14 5.309306e+06 
  2.174838e-14 5.265794e+06 
  2.178174e-14 5.159861e+06 
  2.181509e-14 4.992351e+06 
  2.184845e-14 4.764411e+06 
  2.188180e-14 4.478429e+06 
  2.191516e-14 4.138601e+06 
  2.194852e-14 3.750516e+06 
  2.198187e-14 3.320143e+06 
  2.201523e-14 2.853193e+06 
  2.204859e-14 2.355396e+06 
  2.208194e-14 1.833251e+06 
  2.211530e-14 1.294355e+06 
  2.214866e-14 7.468911e+05 
  2.218201e-14 1.988039e+05 
  2.221537e-14 -3.425360e+05 
  2.224873e-14 -8.699284e+05 
  2.228208e-14 -1.375802e+06 
  2.231544e-14 -1.852296e+06 
  2.234879e-14 -2.292051e+06 
  2.238215e-14 -2.688994e+06 
  2.241551e-14 -3.038386e+06 
  2.244886e-14 -3.336143e+06 
  2.248222e-14 -3.578182e+06 
  2.251558e-14 -3.760478e+06 
  2.254893e-14 -3.879773e+06 
  2.258229e-14 -3.934229e+06 
  2.261565e-14 -3.923456e+06 
  2.264900e-14 -3.848030e+06 
  2.268236e-14 -3.709130e+06 
  2.271571e-14 -3.508654e+06 
  2.274907e-14 -3.249546e+06 
  2.278243e-14 -2.935801e+06 
  2.281578e-14 -2.571997e+06 
  2.284914e-14 -2.162824e+06 
  2.288250e-14 -1.713148e+06 
  2.291585e-14 -1.228606e+06 
  2.294921e-14 -7.160878e+05 
  2.298257e-14 -1.835206e+05 
  2.301592e-14 3.609368e+05 
  2.304928e-14 9.095843e+05 
  2.308264e-14 1.455182e+06 
  2.311599e-14 1.990433e+06 
  2.314935e-14 2.507644e+06 
  2.318270e-14 2.999037e+06 
  2.321606e-14 3.457435e+06 
  2.324942e-14 3.876619e+06 
  2.328277e-14 4.251050e+06 
  2.331613e-14 4.575359e+06 
  2.334949e-14 4.844326e+06 
  2.338284e-14 5.053512e+06 
  2.341620e-14 5.199959e+06 
  2.344956e-14 5.282207e+06 
  2.348291e-14 5.299590e+06 
  2.351627e-14 5.251520e+06 
  2.354963e-14 5.137565e+06 
  2.358298e-14 4.958299e+06 
  2.361634e-14 4.716111e+06 
  2.364969e-14 4.415144e+06 
  2.368305e-14 4.060401e+06 
  2.371641e-14 3.656841e+06 
  2.374976e-14 3.209266e+06 
  2.378312e-14 2.722928e+06 
  2.381648e-14 2.204107e+06 
  2.384983e-14 1.660022e+06 
  2.388319e-14 1.098221e+06 
  2.391655e-14 5.261625e+05 
  2.394990e-14 -4.857907e+04 
  2.398326e-14 -6.178055e+05 
  2.401661e-14 -1.172639e+06 
  2.404997e-14 -1.704225e+06 
  2.408333e-14 -2.204690e+06 
  2.411668e-14 -2.667539e+06 
  2.415004e-14 -3.087192e+06 
  2.418340e-14 -3.458227e+06 
  2.421675e-14 -3.775096e+06 
  2.425011e-14 -4.032610e+06 
  2.428347e-14 -4.226662e+06 
  2.431682e-14 -4.354526e+06 
  2.435018e-14 -4.414582e+06 
  2.438354e-14 -4.405937e+06 
  2.441689e-14 -4.328456e+06 
  2.445025e-14 -4.183144e+06 
  2.448360e-14 -3.972381e+06 
  2.451696e-14 -3.699645e+06 
  2.455032e-14 -3.368967e+06 
  2.458367e-14 -2.984665e+06 
  2.461703e-14 -2.551643e+06 
  2.465039e-14 -2.075865e+06 
  2.468374e-14 -1.564415e+06 
  2.471710e-14 -1.024956e+06 
  2.475046e-14 -4.650825e+05 
  2.478381e-14 1.078478e+05 
  2.481717e-14 6.863183e+05 
  2.485053e-14 1.262228e+06 
  2.488388e-14 1.827007e+06 
  2.491724e-14 2.372255e+06 
  2.495059e-14 2.890298e+06 
  2.498395e-14 3.374192e+06 
  2.501731e-14 3.817300e+06 
  2.505066e-14 4.213077e+06 
  2.508402e-14 4.555450e+06 
  2.511738e-14 4.839485e+06 
  2.515073e-14 5.061674e+06 
  2.518409e-14 5.219521e+06 
  2.521745e-14 5.310895e+06 
  2.525080e-14 5.333878e+06 
  2.528416e-14 5.287366e+06 
  2.531751e-14 5.171869e+06 
  2.535087e-14 4.989708e+06 
  2.538423e-14 4.744399e+06 
  2.541758e-14 4.439816e+06 
  2.545094e-14 4.079917e+06 
  2.548430e-14 3.669200e+06 
  2.551765e-14 3.213289e+06 
  2.555101e-14 2.718945e+06 
  2.558437e-14 2.193450e+06 
  2.561772e-14 1.643993e+06 
  2.565108e-14 1.077648e+06 
  2.568444e-14 5.018734e+05 
  2.571779e-14 -7.510871e+04 
  2.575115e-14 -6.446065e+05 
  2.578450e-14 -1.198218e+06 
  2.581786e-14 -1.728369e+06 
  2.585122e-14 -2.228181e+06 
  2.588457e-14 -2.690919e+06 
  2.591793e-14 -3.109743e+06 
  2.595129e-14 -3.478110e+06 
  2.598464e-14 -3.790515e+06 
  2.601800e-14 -4.042889e+06 
  2.605136e-14 -4.232360e+06 
  2.608471e-14 -4.356722e+06 
  2.611807e-14 -4.414226e+06 
  2.615143e-14 -4.403848e+06 
  2.618478e-14 -4.325675e+06 
  2.621814e-14 -4.180929e+06 
  2.625149e-14 -3.971617e+06 
  2.628485e-14 -3.700267e+06 
  2.631821e-14 -3.370107e+06 
  2.635156e-14 -2.985536e+06 
  2.638492e-14 -2.552360e+06 
  2.641828e-14 -2.077437e+06 
  2.645163e-14 -1.568002e+06 
  2.648499e-14 -1.031249e+06 
  2.651835e-14 -4.744411e+05 
  2.655170e-14 9.474498e+04 
  2.658506e-14 6.681732e+05 
  2.661841e-14 1.237656e+06 
  2.665177e-14 1.795423e+06 
  2.668513e-14 2.334175e+06 
  2.671848e-14 2.846713e+06 
  2.675184e-14 3.325658e+06 
  2.678520e-14 3.763723e+06 
  2.681855e-14 4.154423e+06 
  2.685191e-14 4.492577e+06 
  2.688527e-14 4.774167e+06 
  2.691862e-14 4.995730e+06 
  2.695198e-14 5.153975e+06 
  2.698534e-14 5.246067e+06 
  2.701869e-14 5.270313e+06 
  2.705205e-14 5.226562e+06 
  2.708540e-14 5.115937e+06 
  2.711876e-14 4.940234e+06 
  2.715212e-14 4.701654e+06 
  2.718547e-14 4.403150e+06 
  2.721883e-14 4.048959e+06 
  2.725219e-14 3.644670e+06 
  2.728554e-14 3.196656e+06 
  2.731890e-14 2.711370e+06 
  2.735226e-14 2.195191e+06 
  2.738561e-14 1.654897e+06 
  2.741897e-14 1.098204e+06 
  2.745233e-14 5.336853e+05 
  2.748568e-14 -2.993278e+04 
  2.751904e-14 -5.845246e+05 
  2.755239e-14 -1.122737e+06 
  2.758575e-14 -1.637587e+06 
  2.761911e-14 -2.122053e+06 
  2.765246e-14 -2.569176e+06 
  2.768582e-14 -2.972587e+06 
  2.771918e-14 -3.326919e+06 
  2.775253e-14 -3.627736e+06 
  2.778589e-14 -3.871153e+06 
  2.781925e-14 -4.053680e+06 
  2.785260e-14 -4.172540e+06 
  2.788596e-14 -4.226143e+06 
  2.791931e-14 -4.214219e+06 
  2.795267e-14 -4.137432e+06 
  2.798603e-14 -3.996882e+06 
  2.801938e-14 -3.794015e+06 
  2.805274e-14 -3.531007e+06 
  2.808610e-14 -3.211233e+06 
  2.811945e-14 -2.839315e+06 
  2.815281e-14 -2.420753e+06 
  2.818617e-14 -1.961538e+06 
  2.821952e-14 -1.468106e+06 
  2.825288e-14 -9.475265e+05 
  2.828624e-14 -4.075110e+05 
  2.831959e-14 1.439656e+05 
  2.835295e-14 6.991731e+05 
  2.838630e-14 1.250787e+06 
  2.841966e-14 1.791579e+06 
  2.845302e-14 2.314036e+06 
  2.848637e-14 2.810418e+06 
  2.851973e-14 3.273335e+06 
  2.855309e-14 3.696344e+06 
  2.858644e-14 4.074045e+06 
  2.861980e-14 4.401654e+06 
  2.865316e-14 4.674602e+06 
  2.868651e-14 4.888652e+06 
  2.871987e-14 5.040469e+06 
  2.875323e-14 5.128083e+06 
  2.878658e-14 5.150783e+06 
  2.881994e-14 5.108604e+06 
  2.885329e-14 5.001997e+06 
  2.888665e-14 4.832070e+06 
  2.892001e-14 4.601142e+06 
  2.895336e-14 4.312977e+06 
  2.898672e-14 3.972400e+06 
  2.902008e-14 3.584614e+06 
  2.905343e-14 3.154886e+06 
  2.908679e-14 2.688846e+06 
  2.912015e-14 2.192989e+06 
  2.915350e-14 1.674739e+06 
  2.918686e-14 1.141889e+06 
  2.922021e-14 6.018970e+05 
  2.925357e-14 6.166887e+04 
  2.928693e-14 -4.720303e+05 
  2.932028e-14 -9.920482e+05 
  2.935364e-14 -1.490798e+06 
  2.938700e-14 -1.960783e+06 
  2.942035e-14 -2.395211e+06 
  2.945371e-14 -2.788179e+06 
  2.948707e-14 -3.134417e+06 
  2.952042e-14 -3.429036e+06 
  2.955378e-14 -3.667664e+06 
  2.958714e-14 -3.846860e+06 
  2.962049e-14 -3.964356e+06 
  2.965385e-14 -4.018856e+06 
  2.968720e-14 -4.009643e+06 
  2.972056e-14 -3.936460e+06 
  2.975392e-14 -3.799867e+06 
  2.978727e-14 -3.601724e+06 
  2.982063e-14 -3.345312e+06 
  2.985399e-14 -3.034936e+06 
  2.988734e-14 -2.675398e+06 
  2.992070e-14 -2.271777e+06 
  2.995406e-14 -1.829616e+06 
  2.998741e-14 -1.355135e+06 
  3.002077e-14 -8.551343e+05 
  3.005412e-14 -3.366318e+05 
  3.008748e-14 1.933924e+05 
  3.012084e-14 7.278890e+05 
  3.015419e-14 1.259477e+06 
  3.018755e-14 1.780451e+06 
  3.022091e-14 2.283217e+06 
  3.025426e-14 2.760818e+06 
  3.028762e-14 3.207066e+06 
  3.032098e-14 3.616186e+06 
  3.035433e-14 3.982403e+06 
  3.038769e-14 4.300021e+06 
  3.042105e-14 4.564031e+06 
  3.045440e-14 4.770731e+06 
  3.048776e-14 4.917817e+06 
  3.052111e-14 5.003907e+06 
  3.055447e-14 5.028045e+06 
  3.058783e-14 4.989690e+06 
  3.062118e-14 4.889155e+06 
  3.065454e-14 4.727974e+06 
  3.068790e-14 4.508774e+06 
  3.072125e-14 4.234786e+06 
  3.075461e-14 3.909554e+06 
  3.078797e-14 3.537168e+06 
  3.082132e-14 3.122738e+06 
  3.085468e-14 2.672532e+06 
  3.088804e-14 2.193492e+06 
  3.092139e-14 1.692506e+06 
  3.095475e-14 1.176105e+06 
  3.098810e-14 6.508218e+05 
  3.102146e-14 1.237944e+05 
  3.105482e-14 -3.970627e+05 
  3.108817e-14 -9.035700e+05 
  3.112153e-14 -1.388062e+06 
  3.115489e-14 -1.843806e+06 
  3.118824e-14 -2.264853e+06 
  3.122160e-14 -2.645674e+06 
  3.125496e-14 -2.981082e+06 
  3.128831e-14 -3.266502e+06 
  3.132167e-14 -3.498262e+06 
  3.135502e-14 -3.673525e+06 
  3.138838e-14 -3.789973e+06 
  3.142174e-14 -3.845664e+06 
  3.145509e-14 -3.839333e+06 
  3.148845e-14 -3.770900e+06 
  3.152181e-14 -3.641711e+06 
  3.155516e-14 -3.454220e+06 
  3.158852e-14 -3.211432e+06 
  3.162188e-14 -2.916596e+06 
  3.165523e-14 -2.573387e+06 
  3.168859e-14 -2.186287e+06 
  3.172195e-14 -1.760722e+06 
  3.175530e-14 -1.302818e+06 
  3.178866e-14 -8.190548e+05 
  3.182201e-14 -3.161717e+05 
  3.185537e-14 1.987081e+05 
  3.188873e-14 7.180633e+05 
  3.192208e-14 1.234312e+06 
  3.195544e-14 1.740305e+06 
  3.198880e-14 2.229523e+06 
  3.202215e-14 2.695783e+06 
  3.205551e-14 3.132782e+06 
  3.208887e-14 3.534014e+06 
  3.212222e-14 3.893262e+06 
  3.215558e-14 4.205267e+06 
  3.218894e-14 4.465999e+06 
  3.222229e-14 4.672349e+06 
  3.225565e-14 4.821651e+06 
  3.228900e-14 4.911598e+06 
  3.232236e-14 4.940651e+06 
  3.235572e-14 4.908500e+06 
  3.238907e-14 4.816067e+06 
  3.242243e-14 4.665051e+06 
  3.245579e-14 4.457501e+06 
  3.248914e-14 4.195905e+06 
  3.252250e-14 3.883658e+06 
  3.255586e-14 3.525383e+06 
  3.258921e-14 3.126652e+06 
  3.262257e-14 2.693327e+06 
  3.265592e-14 2.231139e+06 
  3.268928e-14 1.745884e+06 
  3.272264e-14 1.243995e+06 
  3.275599e-14 7.328221e+05 
  3.278935e-14 2.202559e+05 
  3.282271e-14 -2.860266e+05 
  3.285606e-14 -7.790438e+05 
  3.288942e-14 -1.252389e+06 
  3.292278e-14 -1.699798e+06 
  3.295613e-14 -2.114969e+06 
  3.298949e-14 -2.491875e+06 
  3.302285e-14 -2.825238e+06 
  3.305620e-14 -3.110707e+06 
  3.308956e-14 -3.344601e+06 
  3.312291e-14 -3.523614e+06 
  3.315627e-14 -3.644886e+06 
  3.318963e-14 -3.706443e+06 
  3.322298e-14 -3.707554e+06 
  3.325634e-14 -3.648653e+06 
  3.328970e-14 -3.530911e+06 
  3.332305e-14 -3.355908e+06 
  3.335641e-14 -3.125744e+06 
  3.338977e-14 -2.843410e+06 
  3.342312e-14 -2.512985e+06 
  3.345648e-14 -2.139403e+06 
  3.348984e-14 -1.728042e+06 
  3.352319e-14 -1.284523e+06 
  3.355655e-14 -8.148688e+05 
  3.358990e-14 -3.257138e+05 
  3.362326e-14 1.758018e+05 
  3.365662e-14 6.824681e+05 
  3.368997e-14 1.187382e+06 
  3.372333e-14 1.683924e+06 
  3.375669e-14 2.165428e+06 
  3.379004e-14 2.625008e+06 
  3.382340e-14 3.055857e+06 
  3.385676e-14 3.451796e+06 
  3.389011e-14 3.807593e+06 
  3.392347e-14 4.118750e+06 
  3.395682e-14 4.381070e+06 
  3.399018e-14 4.590534e+06 
  3.402354e-14 4.743723e+06 
  3.405689e-14 4.838416e+06 
  3.409025e-14 4.873764e+06 
  3.412361e-14 4.849897e+06 
  3.415696e-14 4.767358e+06 
  3.419032e-14 4.626975e+06 
  3.422368e-14 4.430268e+06 
  3.425703e-14 4.179938e+06 
  3.429039e-14 3.879862e+06 
  3.432375e-14 3.534583e+06 
  3.435710e-14 3.148794e+06 
  3.439046e-14 2.727338e+06 
  3.442381e-14 2.275671e+06 
  3.445717e-14 1.800229e+06 
  3.449053e-14 1.308217e+06 
  3.452388e-14 8.069450e+05 
  3.455724e-14 3.033012e+05 
  3.459060e-14 -1.961869e+05 
  3.462395e-14 -6.848848e+05 
  3.465731e-14 -1.155767e+06 
  3.469067e-14 -1.601707e+06 
  3.472402e-14 -2.016114e+06 
  3.475738e-14 -2.393352e+06 
  3.479074e-14 -2.728619e+06 
  3.482409e-14 -3.017540e+06 
  3.485745e-14 -3.255999e+06 
  3.489080e-14 -3.440425e+06 
  3.492416e-14 -3.568228e+06 
  3.495752e-14 -3.637935e+06 
  3.499087e-14 -3.648913e+06 
  3.502423e-14 -3.601030e+06 
  3.505759e-14 -3.494654e+06 
  3.509094e-14 -3.330994e+06 
  3.512430e-14 -3.112388e+06 
  3.515766e-14 -2.842185e+06 
  3.519101e-14 -2.524333e+06 
  3.522437e-14 -2.163095e+06 
  3.525772e-14 -1.763143e+06 
  3.529108e-14 -1.329884e+06 
  3.532444e-14 -8.695559e+05 
  3.535779e-14 -3.889148e+05 
  3.539115e-14 1.052268e+05 
  3.542451e-14 6.061893e+05 
  3.545786e-14 1.107236e+06 
  3.549122e-14 1.601340e+06 
  3.552458e-14 2.081299e+06 
  3.555793e-14 2.540204e+06 
  3.559129e-14 2.971834e+06 
  3.562465e-14 3.370615e+06 
  3.565800e-14 3.731251e+06 
  3.569136e-14 4.048502e+06 
  3.572471e-14 4.317479e+06 
  3.575807e-14 4.534232e+06 
  3.579143e-14 4.696079e+06 
  3.582478e-14 4.801364e+06 
  3.585814e-14 4.848899e+06 
  3.589150e-14 4.837708e+06 
  3.592485e-14 4.767359e+06 
  3.595821e-14 4.638545e+06 
  3.599157e-14 4.453325e+06 
  3.602492e-14 4.214758e+06 
  3.605828e-14 3.926331e+06 
  3.609164e-14 3.591745e+06 
  3.612499e-14 3.215257e+06 
  3.615835e-14 2.802113e+06 
  3.619170e-14 2.358551e+06 
  3.622506e-14 1.891256e+06 
  3.625842e-14 1.406764e+06 
  3.629177e-14 9.113646e+05 
  3.632513e-14 4.115001e+05 
  3.635849e-14 -8.585395e+04 
  3.639184e-14 -5.733276e+05 
  3.642520e-14 -1.043767e+06 
  3.645856e-14 -1.490770e+06 
  3.649191e-14 -1.908679e+06 
  3.652527e-14 -2.292140e+06 
  3.655862e-14 -2.635760e+06 
  3.659198e-14 -2.934263e+06 
  3.662534e-14 -3.183027e+06 
  3.665869e-14 -3.378476e+06 
  3.669205e-14 -3.518048e+06 
  3.672541e-14 -3.599904e+06 
  3.675876e-14 -3.622810e+06 
  3.679212e-14 -3.586366e+06 
  3.682548e-14 -3.491299e+06 
  3.685883e-14 -3.339432e+06 
  3.689219e-14 -3.133279e+06 
  3.692555e-14 -2.875639e+06 
  3.695890e-14 -2.569586e+06 
  3.699226e-14 -2.218832e+06 
  3.702561e-14 -1.828068e+06 
  3.705897e-14 -1.402905e+06 
  3.709233e-14 -9.494864e+05 
  3.712568e-14 -4.741693e+05 
  3.715904e-14 1.647274e+04 
  3.719240e-14 5.154739e+05 
  3.722575e-14 1.015515e+06 
  3.725911e-14 1.509313e+06 
  3.729247e-14 1.990077e+06 
  3.732582e-14 2.451599e+06 
  3.735918e-14 2.887938e+06 
  3.739254e-14 3.293085e+06 
  3.742589e-14 3.661053e+06 
  3.745925e-14 3.986391e+06 
  3.749260e-14 4.264654e+06 
  3.752596e-14 4.492387e+06 
  3.755932e-14 4.666687e+06 
  3.759267e-14 4.784876e+06 
  3.762603e-14 4.844689e+06 
  3.765939e-14 4.844856e+06 
  3.769274e-14 4.785517e+06 
  3.772610e-14 4.668056e+06 
  3.775946e-14 4.494563e+06 
  3.779281e-14 4.267459e+06 
  3.782617e-14 3.989651e+06 
  3.785952e-14 3.664942e+06 
  3.789288e-14 3.298170e+06 
  3.792624e-14 2.894805e+06 
  3.795959e-14 2.460368e+06 
  3.799295e-14 2.000248e+06 
  3.802631e-14 1.520080e+06 
  3.805966e-14 1.026296e+06 
  3.809302e-14 5.261995e+05 
  3.812638e-14 2.743528e+04 
  3.815973e-14 -4.627182e+05 
  3.819309e-14 -9.376459e+05 
  3.822645e-14 -1.391143e+06 
  3.825980e-14 -1.817027e+06 
  3.829316e-14 -2.209122e+06 
  3.832651e-14 -2.561661e+06 
  3.835987e-14 -2.869719e+06 
  3.839323e-14 -3.129258e+06 
  3.842658e-14 -3.336852e+06 
  3.845994e-14 -3.489487e+06 
  3.849330e-14 -3.584746e+06 
  3.852665e-14 -3.621225e+06 
  3.856001e-14 -3.598731e+06 
  3.859337e-14 -3.518043e+06 
  3.862672e-14 -3.380458e+06 
  3.866008e-14 -3.187599e+06 
  3.869344e-14 -2.941643e+06 
  3.872679e-14 -2.645707e+06 
  3.876015e-14 -2.303969e+06 
  3.879350e-14 -1.921392e+06 
  3.882686e-14 -1.503372e+06 
  3.886022e-14 -1.055626e+06 
  3.889357e-14 -5.843507e+05 
  3.892693e-14 -9.631177e+04 
  3.896029e-14 4.013958e+05 
  3.899364e-14 9.017804e+05 
  3.902700e-14 1.398192e+06 
  3.906036e-14 1.884157e+06 
  3.909371e-14 2.353055e+06 
  3.912707e-14 2.798077e+06 
  3.916042e-14 3.212633e+06 
  3.919378e-14 3.590885e+06 
  3.922714e-14 3.927915e+06 
  3.926049e-14 4.219416e+06 
  3.929385e-14 4.461304e+06 
  3.932721e-14 4.649737e+06 
  3.936056e-14 4.781601e+06 
  3.939392e-14 4.855022e+06 
  3.942728e-14 4.869417e+06 
  3.946063e-14 4.825072e+06 
  3.949399e-14 4.722714e+06 
  3.952735e-14 4.563516e+06 
  3.956070e-14 4.349498e+06 
  3.959406e-14 4.083799e+06 
  3.962741e-14 3.770473e+06 
  3.966077e-14 3.413954e+06 
  3.969413e-14 3.018735e+06 
  3.972748e-14 2.589591e+06 
  3.976084e-14 2.132112e+06 
  3.979420e-14 1.652936e+06 
  3.982755e-14 1.159376e+06 
  3.986091e-14 6.587209e+05 
  3.989427e-14 1.578131e+05 
  3.992762e-14 -3.368108e+05 
  3.996098e-14 -8.184943e+05 
  3.999434e-14 -1.280306e+06 
  4.002769e-14 -1.715383e+06 
  4.006105e-14 -2.117472e+06 
  4.009440e-14 -2.481177e+06 
  4.012776e-14 -2.801777e+06 
  4.016112e-14 -3.074928e+06 
  4.019447e-14 -3.296673e+06 
  4.022783e-14 -3.463770e+06 
  4.026119e-14 -3.574009e+06 
  4.029454e-14 -3.626163e+06 
  4.032790e-14 -3.619654e+06 
  4.036126e-14 -3.554325e+06 
  4.039461e-14 -3.430609e+06 
  4.042797e-14 -3.249934e+06 
  4.046132e-14 -3.014939e+06 
  4.049468e-14 -2.729277e+06 
  4.052804e-14 -2.397171e+06 
  4.056139e-14 -2.023161e+06 
  4.059475e-14 -1.612202e+06 
  4.062811e-14 -1.169891e+06 
  4.066146e-14 -7.024704e+05 
  4.069482e-14 -2.165423e+05 
  4.072818e-14 2.812355e+05 
  4.076153e-14 7.841693e+05 
  4.079489e-14 1.285327e+06 
  4.082825e-14 1.777466e+06 
  4.086160e-14 2.253334e+06 
  4.089496e-14 2.706178e+06 
  4.092831e-14 3.130020e+06 
  4.096167e-14 3.519464e+06 
  4.099503e-14 3.869303e+06 
  4.102838e-14 4.174386e+06 
  4.106174e-14 4.429992e+06 
  4.109510e-14 4.632375e+06 
  4.112845e-14 4.778993e+06 
  4.116181e-14 4.868227e+06 
  4.119517e-14 4.898954e+06 
  4.122852e-14 4.870443e+06 
  4.126188e-14 4.782707e+06 
  4.129523e-14 4.636927e+06 
  4.132859e-14 4.435476e+06 
  4.136195e-14 4.181497e+06 
  4.139530e-14 3.878478e+06 
  4.142866e-14 3.530243e+06 
  4.146202e-14 3.141324e+06 
  4.149537e-14 2.717243e+06 
  4.152873e-14 2.264308e+06 
  4.156209e-14 1.789039e+06 
  4.159544e-14 1.297759e+06 
  4.162880e-14 7.967005e+05 
  4.166216e-14 2.924849e+05 
  4.169551e-14 -2.076064e+05 
  4.172887e-14 -6.959154e+05 
  4.176222e-14 -1.165064e+06 
  4.179558e-14 -1.608451e+06 
  4.182894e-14 -2.020250e+06 
  4.186229e-14 -2.395101e+06 
  4.189565e-14 -2.727932e+06 
  4.192901e-14 -3.014126e+06 
  4.196236e-14 -3.249839e+06 
  4.199572e-14 -3.432083e+06 
  4.202908e-14 -3.558500e+06 
  4.206243e-14 -3.627129e+06 
  4.209579e-14 -3.636496e+06 
  4.212915e-14 -3.586013e+06 
  4.216250e-14 -3.476325e+06 
  4.219586e-14 -3.309259e+06 
  4.222921e-14 -3.087437e+06 
  4.226257e-14 -2.813951e+06 
  4.229593e-14 -2.492371e+06 
  4.232928e-14 -2.126992e+06 
  4.236264e-14 -1.722965e+06 
  4.239600e-14 -1.286108e+06 
  4.242935e-14 -8.225581e+05 
  4.246271e-14 -3.386053e+05 
  4.249607e-14 1.591928e+05 
  4.252942e-14 6.638598e+05 
  4.256278e-14 1.168122e+06 
  4.259613e-14 1.664805e+06 
  4.262949e-14 2.147173e+06 
  4.266285e-14 2.608907e+06 
  4.269620e-14 3.043808e+06 
  4.272956e-14 3.445634e+06 
  4.276292e-14 3.808347e+06 
  4.279627e-14 4.126640e+06 
  4.282963e-14 4.396269e+06 
  4.286299e-14 4.613909e+06 
  4.289634e-14 4.776757e+06 
  4.292970e-14 4.882339e+06 
  4.296306e-14 4.928775e+06 
  4.299641e-14 4.915249e+06 
  4.302977e-14 4.842193e+06 
  4.306312e-14 4.711004e+06 
  4.309648e-14 4.523592e+06 
  4.312984e-14 4.282252e+06 
  4.316319e-14 3.989953e+06 
  4.319655e-14 3.650728e+06 
  4.322991e-14 3.269661e+06 
  4.326326e-14 2.852434e+06 
  4.329662e-14 2.404839e+06 
  4.332998e-14 1.932699e+06 
  4.336333e-14 1.442201e+06 
  4.339669e-14 9.402143e+05 
  4.343005e-14 4.341525e+05 
  4.346340e-14 -6.855868e+04 
  4.349676e-14 -5.609635e+05 
  4.353011e-14 -1.036615e+06 
  4.356347e-14 -1.489251e+06 
  4.359683e-14 -1.912558e+06 
  4.363018e-14 -2.300341e+06 
  4.366354e-14 -2.646977e+06 
  4.369690e-14 -2.947736e+06 
  4.373025e-14 -3.198703e+06 
  4.376361e-14 -3.396492e+06 
  4.379697e-14 -3.538139e+06 
  4.383032e-14 -3.621339e+06 
  4.386368e-14 -3.644804e+06 
  4.389703e-14 -3.608374e+06 
  4.393039e-14 -3.512802e+06 
  4.396375e-14 -3.359464e+06 
  4.399710e-14 -3.150321e+06 
  4.403046e-14 -2.888136e+06 
  4.406382e-14 -2.576649e+06 
  4.409717e-14 -2.220449e+06 
  4.413053e-14 -1.824617e+06 
  4.416389e-14 -1.394484e+06 
  4.419724e-14 -9.356987e+05 
  4.423060e-14 -4.544680e+05 
  4.426396e-14 4.238154e+04 
  4.429731e-14 5.476819e+05 
  4.433067e-14 1.054323e+06 
  4.436402e-14 1.555429e+06 
  4.439738e-14 2.044221e+06 
  4.443074e-14 2.513842e+06 
  4.446409e-14 2.957470e+06 
  4.449745e-14 3.368723e+06 
  4.453081e-14 3.742017e+06 
  4.456416e-14 4.072551e+06 
  4.459752e-14 4.355994e+06 
  4.463088e-14 4.588268e+06 
  4.466423e-14 4.765746e+06 
  4.469759e-14 4.885707e+06 
  4.473095e-14 4.946636e+06 
  4.476430e-14 4.948055e+06 
  4.479766e-14 4.890099e+06 
  4.483101e-14 4.773309e+06 
  4.486437e-14 4.598868e+06 
  4.489773e-14 4.369052e+06 
  4.493108e-14 4.087397e+06 
  4.496444e-14 3.758361e+06 
  4.499780e-14 3.386777e+06 
  4.503115e-14 2.977586e+06 
  4.506451e-14 2.536028e+06 
  4.509787e-14 2.068007e+06 
  4.513122e-14 1.580153e+06 
  4.516458e-14 1.079474e+06 
  4.519793e-14 5.729255e+05 
  4.523129e-14 6.729327e+04 
  4.526465e-14 -4.305758e+05 
  4.529800e-14 -9.135622e+05 
  4.533136e-14 -1.374448e+06 
  4.536472e-14 -1.806434e+06 
  4.539807e-14 -2.203572e+06 
  4.543143e-14 -2.560786e+06 
  4.546479e-14 -2.873520e+06 
  4.549814e-14 -3.137471e+06 
  4.553150e-14 -3.348695e+06 
  4.556486e-14 -3.503993e+06 
  4.559821e-14 -3.601215e+06 
  4.563157e-14 -3.639210e+06 
  4.566492e-14 -3.617575e+06 
  4.569828e-14 -3.536524e+06 
  4.573164e-14 -3.397016e+06 
  4.576499e-14 -3.200966e+06 
  4.579835e-14 -2.951238e+06 
  4.583171e-14 -2.651397e+06 
  4.586506e-14 -2.305470e+06 
  4.589842e-14 -1.917968e+06 
  4.593178e-14 -1.494121e+06 
  4.596513e-14 -1.039998e+06 
  4.599849e-14 -5.622926e+05 
  4.603185e-14 -6.787972e+04 
  4.606520e-14 4.364819e+05 
  4.609856e-14 9.440975e+05 
  4.613191e-14 1.448097e+06 
  4.616527e-14 1.941371e+06 
  4.619863e-14 2.416834e+06 
  4.623198e-14 2.867815e+06 
  4.626534e-14 3.288215e+06 
  4.629870e-14 3.672367e+06 
  4.633205e-14 4.014855e+06 
  4.636541e-14 4.310621e+06 
  4.639877e-14 4.555357e+06 
  4.643212e-14 4.745816e+06 
  4.646548e-14 4.879751e+06 
  4.649883e-14 4.955530e+06 
  4.653219e-14 4.971878e+06 
  4.656555e-14 4.928057e+06 
  4.659890e-14 4.824345e+06 
  4.663226e-14 4.662355e+06 
  4.666562e-14 4.444851e+06 
  4.669897e-14 4.175238e+06 
  4.673233e-14 3.857198e+06 
  4.676569e-14 3.494787e+06 
  4.679904e-14 3.092801e+06 
  4.683240e-14 2.656963e+06 
  4.686576e-14 2.193673e+06 
  4.689911e-14 1.709531e+06 
  4.693247e-14 1.211077e+06 
  4.696582e-14 7.049159e+05 
  4.699918e-14 1.979744e+05 
  4.703254e-14 -3.024993e+05 
  4.706589e-14 -7.893057e+05 
  4.709925e-14 -1.255714e+06 
  4.713261e-14 -1.695556e+06 
  4.716596e-14 -2.102968e+06 
  4.719932e-14 -2.472131e+06 
  4.723268e-14 -2.797388e+06 
  4.726603e-14 -3.073716e+06 
  4.729939e-14 -3.297172e+06 
  4.733275e-14 -3.464961e+06 
  4.736610e-14 -3.575162e+06 
  4.739946e-14 -3.626442e+06 
  4.743281e-14 -3.618057e+06 
  4.746617e-14 -3.550065e+06 
  4.749953e-14 -3.423468e+06 
  4.753288e-14 -3.240103e+06 
  4.756624e-14 -3.002430e+06 
  4.759960e-14 -2.713484e+06 
  4.763295e-14 -2.377052e+06 
  4.766631e-14 -1.997853e+06 
  4.769967e-14 -1.581443e+06 
  4.773302e-14 -1.133858e+06 
  4.776638e-14 -6.612879e+05 
  4.779973e-14 -1.700476e+05 
  4.783309e-14 3.332100e+05 
  4.786645e-14 8.413718e+05 
  4.789980e-14 1.347071e+06 
  4.793316e-14 1.843103e+06 
  4.796652e-14 2.322705e+06 
  4.799987e-14 2.779495e+06 
  4.803323e-14 3.207245e+06 
  4.806659e-14 3.599847e+06 
  4.809994e-14 3.951599e+06 
  4.813330e-14 4.257580e+06 
  4.816666e-14 4.513770e+06 
  4.820001e-14 4.716827e+06 
  4.823337e-14 4.863837e+06 
  4.826672e-14 4.952385e+06 
  4.830008e-14 4.980951e+06 
  4.833344e-14 4.949253e+06 
  4.836679e-14 4.858183e+06 
  4.840015e-14 4.709377e+06 
  4.843351e-14 4.504847e+06 
  4.846686e-14 4.247038e+06 
  4.850022e-14 3.939215e+06 
  4.853358e-14 3.585753e+06 
  4.856693e-14 3.191970e+06 
  4.860029e-14 2.763624e+06 
  4.863365e-14 2.306528e+06 
  4.866700e-14 1.826591e+06 
  4.870036e-14 1.330152e+06 
  4.873371e-14 8.241608e+05 
  4.876707e-14 3.159736e+05 
  4.880043e-14 -1.870989e+05 
  4.883378e-14 -6.780683e+05 
  4.886714e-14 -1.150204e+06 
  4.890050e-14 -1.596841e+06 
  4.893385e-14 -2.011431e+06 
  4.896721e-14 -2.387907e+06 
  4.900057e-14 -2.721102e+06 
  4.903392e-14 -3.006824e+06 
  4.906728e-14 -3.241571e+06 
  4.910063e-14 -3.422211e+06 
  4.913399e-14 -3.545977e+06 
  4.916735e-14 -3.610798e+06 
  4.920070e-14 -3.615644e+06 
  4.923406e-14 -3.560582e+06 
  4.926742e-14 -3.446544e+06 
  4.930077e-14 -3.275124e+06 
  4.933413e-14 -3.048586e+06 
  4.936749e-14 -2.770029e+06 
  4.940084e-14 -2.443435e+06 
  4.943420e-14 -2.073475e+06 
  4.946756e-14 -1.665243e+06 
  4.950091e-14 -1.224195e+06 
  4.953427e-14 -7.563014e+05 
  4.956762e-14 -2.681900e+05 
  4.960098e-14 2.330093e+05 
  4.963434e-14 7.400705e+05 
  4.966769e-14 1.246018e+06 
  4.970105e-14 1.744138e+06 
  4.973441e-14 2.227742e+06 
  4.976776e-14 2.690013e+06 
  4.980112e-14 3.124210e+06 
  4.983448e-14 3.524091e+06 
  4.986783e-14 3.884196e+06 
  4.990119e-14 4.199780e+06 
  4.993455e-14 4.466567e+06 
  4.996790e-14 4.680678e+06 
  5.000126e-14 4.838893e+06 
  5.003461e-14 4.938999e+06 
  5.006797e-14 4.979864e+06 
  5.010133e-14 4.961167e+06 
  5.013468e-14 4.883081e+06 
  5.016804e-14 4.746298e+06 
  5.020140e-14 4.552395e+06 
  5.023475e-14 4.304178e+06 
  5.026811e-14 4.005606e+06 
  5.030147e-14 3.661300e+06 
  5.033482e-14 3.276076e+06 
  5.036818e-14 2.854881e+06 
  5.040153e-14 2.403131e+06 
  5.043489e-14 1.927024e+06 
  5.046825e-14 1.433458e+06 
  5.050160e-14 9.295903e+05 
  5.053496e-14 4.224454e+05 
  5.056832e-14 -8.113864e+04 
  5.060167e-14 -5.742995e+05 
  5.063503e-14 -1.050044e+06 
  5.066839e-14 -1.501471e+06 
  5.070174e-14 -1.922173e+06 
  5.073510e-14 -2.306451e+06 
  5.076846e-14 -2.649195e+06 
  5.080181e-14 -2.945649e+06 
  5.083517e-14 -3.191409e+06 
  5.086852e-14 -3.382755e+06 
  5.090188e-14 -3.517035e+06 
  5.093524e-14 -3.592759e+06 
  5.096859e-14 -3.609329e+06 
  5.100195e-14 -3.566691e+06 
  5.103531e-14 -3.465248e+06 
  5.106866e-14 -3.306072e+06 
  5.110202e-14 -3.091148e+06 
  5.113538e-14 -2.823396e+06 
  5.116873e-14 -2.506503e+06 
  5.120209e-14 -2.144782e+06 
  5.123545e-14 -1.743218e+06 
  5.126880e-14 -1.307577e+06 
  5.130216e-14 -8.443103e+05 
  5.133551e-14 -3.602154e+05 
  5.136887e-14 1.379359e+05 
  5.140223e-14 6.434946e+05 
  5.143558e-14 1.149738e+06 
  5.146894e-14 1.649665e+06 
  5.150230e-14 2.136091e+06 
  5.153565e-14 2.602033e+06 
  5.156901e-14 3.041059e+06 
  5.160237e-14 3.447327e+06 
  5.163572e-14 3.815358e+06 
  5.166908e-14 4.139895e+06 
  5.170243e-14 4.416086e+06 
  5.173579e-14 4.639891e+06 
  5.176915e-14 4.808324e+06 
  5.180250e-14 4.919338e+06 
  5.183586e-14 4.971522e+06 
  5.186922e-14 4.963981e+06 
  5.190257e-14 4.896562e+06 
  5.193593e-14 4.770192e+06 
  5.196929e-14 4.586922e+06 
  5.200264e-14 4.349606e+06 
  5.203600e-14 4.061486e+06 
  5.206936e-14 3.726127e+06 
  5.210271e-14 3.347742e+06 
  5.213607e-14 2.931558e+06 
  5.216942e-14 2.483805e+06 
  5.220278e-14 2.011256e+06 
  5.223614e-14 1.520697e+06 
  5.226949e-14 1.018743e+06 
  5.230285e-14 5.120339e+05 
  5.233621e-14 7.491412e+03 
  5.236956e-14 -4.877349e+05 
  5.240292e-14 -9.666096e+05 
  5.243628e-14 -1.422530e+06 
  5.246963e-14 -1.849353e+06 
  5.250299e-14 -2.241208e+06 
  5.253634e-14 -2.592433e+06 
  5.256970e-14 -2.897819e+06 
  5.260306e-14 -3.153001e+06 
  5.263641e-14 -3.354656e+06 
  5.266977e-14 -3.500335e+06 
  5.270313e-14 -3.588152e+06 
  5.273648e-14 -3.616673e+06 
  5.276984e-14 -3.585145e+06 
  5.280320e-14 -3.493824e+06 
  5.283655e-14 -3.344096e+06 
  5.286991e-14 -3.138285e+06 
  5.290327e-14 -2.879387e+06 
  5.293662e-14 -2.570979e+06 
  5.296998e-14 -2.217317e+06 
  5.300333e-14 -1.823403e+06 
  5.303669e-14 -1.394836e+06 
  5.307005e-14 -9.375513e+05 
  5.310340e-14 -4.576806e+05 
  5.313676e-14 3.834183e+04 
  5.317012e-14 5.436030e+05 
  5.320347e-14 1.050767e+06 
  5.323683e-14 1.552434e+06 
  5.327019e-14 2.041550e+06 
  5.330354e-14 2.511553e+06 
  5.333690e-14 2.956187e+06 
  5.337026e-14 3.369292e+06 
  5.340361e-14 3.744864e+06 
  5.343697e-14 4.077425e+06 
  5.347032e-14 4.362355e+06 
  5.350368e-14 4.595926e+06 
  5.353704e-14 4.775062e+06 
  5.357039e-14 4.897160e+06 
  5.360375e-14 4.960234e+06 
  5.363711e-14 4.963267e+06 
  5.367046e-14 4.906402e+06 
  5.370382e-14 4.790761e+06 
  5.373718e-14 4.618072e+06 
  5.377053e-14 4.390499e+06 
  5.380389e-14 4.110844e+06 
  5.383724e-14 3.782906e+06 
  5.387060e-14 3.411564e+06 
  5.390396e-14 3.002429e+06 
  5.393731e-14 2.561339e+06 
  5.397067e-14 2.094126e+06 
  5.400403e-14 1.606818e+06 
  5.403738e-14 1.105967e+06 
  5.407074e-14 5.987171e+05 
  5.410410e-14 9.247494e+04 
  5.413745e-14 -4.055261e+05 
  5.417081e-14 -8.884205e+05 
  5.420417e-14 -1.349599e+06 
  5.423752e-14 -1.782571e+06 
  5.427088e-14 -2.181080e+06 
  5.430423e-14 -2.539454e+06 
  5.433759e-14 -2.852879e+06 
  5.437095e-14 -3.117357e+06 
  5.440430e-14 -3.329434e+06 
  5.443766e-14 -3.486043e+06 
  5.447102e-14 -3.584669e+06 
  5.450437e-14 -3.623702e+06 
  5.453773e-14 -3.602652e+06 
  5.457109e-14 -3.522048e+06 
  5.460444e-14 -3.383157e+06 
  5.463780e-14 -3.187841e+06 
  5.467116e-14 -2.938655e+06 
  5.470451e-14 -2.639018e+06 
  5.473787e-14 -2.293206e+06 
  5.477122e-14 -1.906141e+06 
  5.480458e-14 -1.483166e+06 
  5.483794e-14 -1.030023e+06 
  5.487129e-14 -5.529888e+05 
  5.490465e-14 -5.889471e+04 
  5.493801e-14 4.451071e+05 
  5.497136e-14 9.519172e+05 
  5.500472e-14 1.454693e+06 
  5.503808e-14 1.946748e+06 
  5.507143e-14 2.421336e+06 
  5.510479e-14 2.871637e+06 
  5.513814e-14 3.291070e+06 
  5.517150e-14 3.673688e+06 
  5.520486e-14 4.014338e+06 
  5.523821e-14 4.308501e+06 
  5.527157e-14 4.552089e+06 
  5.530493e-14 4.741488e+06 
  5.533828e-14 4.873874e+06 
  5.537164e-14 4.947493e+06 
  5.540500e-14 4.961612e+06 
  5.543835e-14 4.916211e+06 
  5.547171e-14 4.811749e+06 
  5.550507e-14 4.649277e+06 
  5.553842e-14 4.430803e+06 
  5.557178e-14 4.159513e+06 
  5.560513e-14 3.839583e+06 
  5.563849e-14 3.475736e+06 
  5.567185e-14 3.072931e+06 
  5.570520e-14 2.636450e+06 
  5.573856e-14 2.172196e+06 
  5.577192e-14 1.686808e+06 
  5.580527e-14 1.187394e+06 
  5.583863e-14 6.810749e+05 
  5.587199e-14 1.747155e+05 
  5.590534e-14 -3.249757e+05 
  5.593870e-14 -8.112118e+05 
  5.597206e-14 -1.277100e+06 
  5.600541e-14 -1.715931e+06 
  5.603877e-14 -2.121541e+06 
  5.607212e-14 -2.488438e+06 
  5.610548e-14 -2.811651e+06 
  5.613884e-14 -3.086565e+06 
  5.617219e-14 -3.309018e+06 
  5.620555e-14 -3.475647e+06 
  5.623891e-14 -3.584183e+06 
  5.627226e-14 -3.633437e+06 
  5.630562e-14 -3.623040e+06 
  5.633898e-14 -3.553218e+06 
  5.637233e-14 -3.424824e+06 
  5.640569e-14 -3.239530e+06 
  5.643904e-14 -2.999934e+06 
  5.647240e-14 -2.709428e+06 
  5.650576e-14 -2.371987e+06 
  5.653911e-14 -1.992095e+06 
  5.657247e-14 -1.574870e+06 
  5.660583e-14 -1.126184e+06 
  5.663918e-14 -6.525502e+05 
  5.667254e-14 -1.607963e+05 
  5.670590e-14 3.422372e+05 
  5.673925e-14 8.497382e+05 
  5.677261e-14 1.354772e+06 
  5.680597e-14 1.850211e+06 
  5.683932e-14 2.328937e+06 
  5.687268e-14 2.784199e+06 
  5.690603e-14 3.209823e+06 
  5.693939e-14 3.600133e+06 
  5.697275e-14 3.949749e+06 
  5.700610e-14 4.253573e+06 
  5.703946e-14 4.507080e+06 
  5.707282e-14 4.706680e+06 
  5.710617e-14 4.849821e+06 
  5.713953e-14 4.934775e+06 
  5.717289e-14 4.960362e+06 
  5.720624e-14 4.925958e+06 
  5.723960e-14 4.831789e+06 
  5.727296e-14 4.679217e+06 
  5.730631e-14 4.470692e+06 
  5.733967e-14 4.209394e+06 
  5.737302e-14 3.898896e+06 
  5.740638e-14 3.543173e+06 
  5.743974e-14 3.146886e+06 
  5.747309e-14 2.715600e+06 
  5.750645e-14 2.255634e+06 
  5.753981e-14 1.773642e+06 
  5.757316e-14 1.276278e+06 
  5.760652e-14 7.701995e+05 
  5.763988e-14 2.622868e+05 
  5.767323e-14 -2.402646e+05 
  5.770659e-14 -7.301840e+05 
  5.773994e-14 -1.200532e+06 
  5.777330e-14 -1.644934e+06 
  5.780666e-14 -2.057488e+06 
  5.784001e-14 -2.432546e+06 
  5.787337e-14 -2.764679e+06 
  5.790673e-14 -3.048954e+06 
  5.794008e-14 -3.281289e+06 
  5.797344e-14 -3.458591e+06 
  5.800680e-14 -3.578607e+06 
  5.804015e-14 -3.639729e+06 
  5.807351e-14 -3.640987e+06 
  5.810687e-14 -3.582249e+06 
  5.814022e-14 -3.464394e+06 
  5.817358e-14 -3.289248e+06 
  5.820693e-14 -3.059346e+06 
  5.824029e-14 -2.777779e+06 
  5.827365e-14 -2.448249e+06 
  5.830700e-14 -2.075245e+06 
  5.834036e-14 -1.664071e+06 
  5.837372e-14 -1.220637e+06 
  5.840707e-14 -7.511631e+05 
  5.844043e-14 -2.620538e+05 
  5.847379e-14 2.400156e+05 
  5.850714e-14 7.480026e+05 
  5.854050e-14 1.254619e+06 
  5.857386e-14 1.752657e+06 
  5.860721e-14 2.235262e+06 
  5.864057e-14 2.695955e+06 
  5.867392e-14 3.128457e+06 
  5.870728e-14 3.526622e+06 
  5.874064e-14 3.884635e+06 
  5.877399e-14 4.197387e+06 
  5.880735e-14 4.460676e+06 
  5.884071e-14 4.671107e+06 
  5.887406e-14 4.825834e+06 
  5.890742e-14 4.922491e+06 
  5.894078e-14 4.959436e+06 
  5.897413e-14 4.936079e+06 
  5.900749e-14 4.852980e+06 
  5.904084e-14 4.711589e+06 
  5.907420e-14 4.513918e+06 
  5.910756e-14 4.262460e+06 
  5.914091e-14 3.960421e+06 
  5.917427e-14 3.611986e+06 
  5.920763e-14 3.222282e+06 
  5.924098e-14 2.797023e+06 
  5.927434e-14 2.342138e+06 
  5.930770e-14 1.863699e+06 
  5.934105e-14 1.368125e+06 
  5.937441e-14 8.623501e+05 
  5.940777e-14 3.536804e+05 
  5.944112e-14 -1.506015e+05 
  5.947448e-14 -6.435614e+05 
  5.950783e-14 -1.118623e+06 
  5.954119e-14 -1.569359e+06 
  5.957455e-14 -1.989380e+06 
  5.960790e-14 -2.372530e+06 
  5.964126e-14 -2.713260e+06 
  5.967462e-14 -3.006871e+06 
  5.970797e-14 -3.249470e+06 
  5.974133e-14 -3.437781e+06 
  5.977469e-14 -3.569098e+06 
  5.980804e-14 -3.641469e+06 
  5.984140e-14 -3.653927e+06 
  5.987476e-14 -3.606525e+06 
  5.990811e-14 -3.500140e+06 
  5.994147e-14 -3.336253e+06 
  5.997482e-14 -3.116932e+06 
  6.000818e-14 -2.845007e+06 
  6.004154e-14 -2.524207e+06 
  6.007489e-14 -2.159080e+06 
  6.010825e-14 -1.754751e+06 
  6.014161e-14 -1.316762e+06 
  6.017496e-14 -8.510947e+05 
  6.020832e-14 -3.642780e+05 
  6.024168e-14 1.366659e+05 
  6.027503e-14 6.445061e+05 
  6.030839e-14 1.152130e+06 
  6.034174e-14 1.652666e+06 
  6.037510e-14 2.139367e+06 
  6.040846e-14 2.605486e+06 
  6.044181e-14 3.044373e+06 
  6.047517e-14 3.449785e+06 
  6.050853e-14 3.816153e+06 
  6.054188e-14 4.138587e+06 
  6.057524e-14 4.412688e+06 
  6.060860e-14 4.634455e+06 
  6.064195e-14 4.800474e+06 
  6.067531e-14 4.908281e+06 
  6.070867e-14 4.956559e+06 
  6.074202e-14 4.944990e+06 
  6.077538e-14 4.873935e+06 
  6.080873e-14 4.744258e+06 
  6.084209e-14 4.557490e+06 
  6.087545e-14 4.316103e+06 
  6.090880e-14 4.023599e+06 
  6.094216e-14 3.684261e+06 
  6.097552e-14 3.302809e+06 
  6.100887e-14 2.884284e+06 
  6.104223e-14 2.434226e+06 
  6.107559e-14 1.958905e+06 
  6.110894e-14 1.465268e+06 
  6.114230e-14 9.605701e+05 
  6.117566e-14 4.519565e+05 
  6.120901e-14 -5.368042e+04 
  6.124237e-14 -5.495574e+05 
  6.127572e-14 -1.028840e+06 
  6.130908e-14 -1.484734e+06 
  6.134244e-14 -1.910801e+06 
  6.137579e-14 -2.301229e+06 
  6.140915e-14 -2.650838e+06 
  6.144251e-14 -2.954884e+06 
  6.147586e-14 -3.208971e+06 
  6.150922e-14 -3.409213e+06 
  6.154258e-14 -3.552568e+06 
  6.157593e-14 -3.637042e+06 
  6.160929e-14 -3.661630e+06 
  6.164264e-14 -3.626113e+06 
  6.167600e-14 -3.530977e+06 
  6.170936e-14 -3.377508e+06 
  6.174271e-14 -3.167928e+06 
  6.177607e-14 -2.905363e+06 
  6.180943e-14 -2.593609e+06 
  6.184278e-14 -2.236927e+06 
  6.187614e-14 -1.840027e+06 
  6.190950e-14 -1.408226e+06 
  6.194285e-14 -9.475309e+05 
  6.197621e-14 -4.644996e+05 
  6.200957e-14 3.404385e+04 
  6.204292e-14 5.412076e+05 
  6.207628e-14 1.050023e+06 
  6.210963e-14 1.553360e+06 
  6.214299e-14 2.043998e+06 
  6.217635e-14 2.514918e+06 
  6.220970e-14 2.959609e+06 
  6.224306e-14 3.372158e+06 
  6.227642e-14 3.747079e+06 
  6.230977e-14 4.079156e+06 
  6.234313e-14 4.363516e+06 
  6.237649e-14 4.595951e+06 
  6.240984e-14 4.773206e+06 
  6.244320e-14 4.892992e+06 
  6.247656e-14 4.953772e+06 
  6.250991e-14 4.954601e+06 
  6.254327e-14 4.895247e+06 
  6.257662e-14 4.776475e+06 
  6.260998e-14 4.600183e+06 
  6.264334e-14 4.369216e+06 
  6.267669e-14 4.086981e+06 
  6.271005e-14 3.757224e+06 
  6.274341e-14 3.384139e+06 
  6.277676e-14 2.972642e+06 
  6.281012e-14 2.528482e+06 
  6.284348e-14 2.058020e+06 
  6.287683e-14 1.567877e+06 
  6.291019e-14 1.064753e+06 
  6.294354e-14 5.555157e+05 
  6.297690e-14 4.735846e+04 
  6.301026e-14 -4.522765e+05 
  6.304361e-14 -9.360596e+05 
  6.307697e-14 -1.397170e+06 
  6.311033e-14 -1.829437e+06 
  6.314368e-14 -2.227189e+06 
  6.317704e-14 -2.585070e+06 
  6.321040e-14 -2.898062e+06 
  6.324375e-14 -3.161734e+06 
  6.327711e-14 -3.372460e+06 
  6.331047e-14 -3.527431e+06 
  6.334382e-14 -3.624501e+06 
  6.337718e-14 -3.662107e+06 
  6.341053e-14 -3.639413e+06 
  6.344389e-14 -3.556560e+06 
  6.347725e-14 -3.414785e+06 
  6.351060e-14 -3.216294e+06 
  6.354396e-14 -2.964012e+06 
  6.357732e-14 -2.661462e+06 
  6.361067e-14 -2.312812e+06 
  6.364403e-14 -1.922966e+06 
  6.367739e-14 -1.497482e+06 
  6.371074e-14 -1.042337e+06 
  6.374410e-14 -5.637270e+05 
  6.377746e-14 -6.805876e+04 
  6.381081e-14 4.379150e+05 
  6.384417e-14 9.470598e+05 
  6.387752e-14 1.452060e+06 
  6.391088e-14 1.945748e+06 
  6.394424e-14 2.421320e+06 
  6.397759e-14 2.872305e+06 
  6.401095e-14 3.292443e+06 
  6.404431e-14 3.675725e+06 
  6.407766e-14 4.016647e+06 
  6.411102e-14 4.310505e+06 
  6.414438e-14 4.553462e+06 
  6.417773e-14 4.742362e+06 
  6.421109e-14 4.874531e+06 
  6.424444e-14 4.947834e+06 
  6.427780e-14 4.960975e+06 
  6.431116e-14 4.913771e+06 
  6.434451e-14 4.807133e+06 
  6.437787e-14 4.642786e+06 
  6.441123e-14 4.423019e+06 
  6.444458e-14 4.150700e+06 
  6.447794e-14 3.829497e+06 
  6.451130e-14 3.464003e+06 
  6.454465e-14 3.059562e+06 
  6.457801e-14 2.621906e+06 
  6.461137e-14 2.156918e+06 
  6.464472e-14 1.670708e+06 
  6.467808e-14 1.169845e+06 
  6.471143e-14 6.614334e+05 
  6.474479e-14 1.528770e+05 
  6.477815e-14 -3.485218e+05 
  6.481150e-14 -8.358067e+05 
  6.484486e-14 -1.302336e+06 
  6.487822e-14 -1.741641e+06 
  6.491157e-14 -2.147456e+06 
  6.494493e-14 -2.513971e+06 
  6.497829e-14 -2.836135e+06 
  6.501164e-14 -3.109737e+06 
  6.504500e-14 -3.331253e+06 
  6.507835e-14 -3.497664e+06 
  6.511171e-14 -3.606485e+06 
  6.514507e-14 -3.655991e+06 
  6.517842e-14 -3.645411e+06 
  6.521178e-14 -3.574938e+06 
  6.524514e-14 -3.445561e+06 
  6.527849e-14 -3.258970e+06 
  6.531185e-14 -3.017618e+06 
  6.534521e-14 -2.724867e+06 
  6.537856e-14 -2.384996e+06 
  6.541192e-14 -2.002985e+06 
  6.544528e-14 -1.584251e+06 
  6.547863e-14 -1.134514e+06 
  6.551199e-14 -6.598768e+05 
  6.554534e-14 -1.669047e+05 
  6.557870e-14 3.374528e+05 
  6.561206e-14 8.461149e+05 
  6.564541e-14 1.352088e+06 
  6.567877e-14 1.848492e+06 
  6.571213e-14 2.328460e+06 
  6.574548e-14 2.785140e+06 
  6.577884e-14 3.211921e+06 
  6.581220e-14 3.602775e+06 
  6.584555e-14 3.952431e+06 
  6.587891e-14 4.256290e+06 
  6.591227e-14 4.510218e+06 
  6.594562e-14 4.710521e+06 
  6.597898e-14 4.854173e+06 
  6.601233e-14 4.939111e+06 
  6.604569e-14 4.964320e+06 
  6.607905e-14 4.929640e+06 
  6.611240e-14 4.835533e+06 
  6.614576e-14 4.683070e+06 
  6.617912e-14 4.474161e+06 
  6.621247e-14 4.211774e+06 
  6.624583e-14 3.899872e+06 
  6.627919e-14 3.543086e+06 
  6.631254e-14 3.146402e+06 
  6.634590e-14 2.715110e+06 
  6.637925e-14 2.254988e+06 
  6.641261e-14 1.772429e+06 
  6.644597e-14 1.274306e+06 
  6.647932e-14 7.676332e+05 
  6.651268e-14 2.593254e+05 
  6.654604e-14 -2.437833e+05 
  6.657939e-14 -7.347595e+05 
  6.661275e-14 -1.206532e+06 
  6.664611e-14 -1.652143e+06 
  6.667946e-14 -2.065153e+06 
  6.671282e-14 -2.439885e+06 
  6.674618e-14 -2.771397e+06 
  6.677953e-14 -3.055294e+06 
  6.681289e-14 -3.287669e+06 
  6.684624e-14 -3.465238e+06 
  6.687960e-14 -3.585543e+06 
  6.691296e-14 -3.647001e+06 
  6.694631e-14 -3.648788e+06 
  6.697967e-14 -3.590730e+06 
  6.701303e-14 -3.473366e+06 
  6.704638e-14 -3.298147e+06 
  6.707974e-14 -3.067567e+06 
  6.711310e-14 -2.785060e+06 
  6.714645e-14 -2.454741e+06 
  6.717981e-14 -2.081223e+06 
  6.721317e-14 -1.669619e+06 
  6.724652e-14 -1.225631e+06 
  6.727988e-14 -7.555411e+05 
  6.731323e-14 -2.660000e+05 
  6.734659e-14 2.362146e+05 
  6.737995e-14 7.442963e+05 
  6.741330e-14 1.251333e+06 
  6.744666e-14 1.750243e+06 
  6.748002e-14 2.233900e+06 
  6.751337e-14 2.695425e+06 
  6.754673e-14 3.128430e+06 
  6.758009e-14 3.527042e+06 
  6.761344e-14 3.885777e+06 
  6.764680e-14 4.199504e+06 
  6.768015e-14 4.463653e+06 
  6.771351e-14 4.674513e+06 
  6.774687e-14 4.829378e+06 
  6.778022e-14 4.926397e+06 
  6.781358e-14 4.964303e+06 
  6.784694e-14 4.942329e+06 
  6.788029e-14 4.860409e+06 
  6.791365e-14 4.719492e+06 
  6.794701e-14 4.521659e+06 
  6.798036e-14 4.269933e+06 
  6.801372e-14 3.967980e+06 
  6.804708e-14 3.619978e+06 
  6.808043e-14 3.230710e+06 
  6.811379e-14 2.805681e+06 
  6.814714e-14 2.351016e+06 
  6.818050e-14 1.873149e+06 
  6.821386e-14 1.378545e+06 
  6.824721e-14 8.736905e+05 
  6.828057e-14 3.653044e+05 
  6.831393e-14 -1.395149e+05 
  6.834728e-14 -6.334359e+05 
  6.838064e-14 -1.109274e+06 
  6.841400e-14 -1.560322e+06 
  6.844735e-14 -1.980418e+06 
  6.848071e-14 -2.363806e+06 
  6.851407e-14 -2.705063e+06 
  6.854742e-14 -2.999241e+06 
  6.858078e-14 -3.242147e+06 
  6.861413e-14 -3.430517e+06 
  6.864749e-14 -3.561967e+06 
  6.868085e-14 -3.634833e+06 
  6.871420e-14 -3.648120e+06 
  6.874756e-14 -3.601597e+06 
  6.878092e-14 -3.495931e+06 
  6.881427e-14 -3.332662e+06 
  6.884763e-14 -3.114039e+06 
  6.888099e-14 -2.842888e+06 
  6.891434e-14 -2.522669e+06 
  6.894770e-14 -2.157660e+06 
  6.898105e-14 -1.753046e+06 
  6.901441e-14 -1.314763e+06 
  6.904777e-14 -8.491901e+05 
  6.908112e-14 -3.628929e+05 
  6.911448e-14 1.374216e+05 
  6.914784e-14 6.448509e+05 
  6.918119e-14 1.152325e+06 
  6.921455e-14 1.652784e+06 
  6.924791e-14 2.139386e+06 
  6.928126e-14 2.605552e+06 
  6.931462e-14 3.044882e+06 
  6.934798e-14 3.451109e+06 
  6.938133e-14 3.818274e+06 
  6.941469e-14 4.141070e+06 
  6.944804e-14 4.415095e+06 
  6.948140e-14 4.636817e+06 
  6.951476e-14 4.803359e+06 
  6.954811e-14 4.912343e+06 
  6.958147e-14 4.962019e+06 
  6.961483e-14 4.951545e+06 
  6.964818e-14 4.881159e+06 
  6.968154e-14 4.752062e+06 
  6.971490e-14 4.566143e+06 
  6.974825e-14 4.325826e+06 
  6.978161e-14 4.034181e+06 
  6.981497e-14 3.695146e+06 
  6.984832e-14 3.313587e+06 
  6.988168e-14 2.895082e+06 
  6.991503e-14 2.445607e+06 
  6.994839e-14 1.971376e+06 
  6.998175e-14 1.478901e+06 
  7.001510e-14 9.750888e+05 
  7.004846e-14 4.671264e+05 
  7.008182e-14 -3.783497e+04 
  7.011517e-14 -5.329710e+05 
  7.014853e-14 -1.011811e+06 
  7.018189e-14 -1.468023e+06 
  7.021524e-14 -1.895238e+06 
  7.024860e-14 -2.287139e+06 
  7.028195e-14 -2.637822e+06 
  7.031531e-14 -2.942144e+06 
  7.034867e-14 -3.195867e+06 
  7.038202e-14 -3.395577e+06 
  7.041538e-14 -3.538600e+06 
  7.044874e-14 -3.623038e+06 
  7.048209e-14 -3.647882e+06 
  7.051545e-14 -3.613019e+06 
  7.054881e-14 -3.519102e+06 
  7.058216e-14 -3.367381e+06 
  7.061552e-14 -3.159706e+06 
  7.064888e-14 -2.898690e+06 
  7.068223e-14 -2.587873e+06 
  7.071559e-14 -2.231689e+06 
  7.074894e-14 -1.835236e+06 
  7.078230e-14 -1.404045e+06 
  7.081566e-14 -9.440203e+05 
  7.084901e-14 -4.615137e+05 
  7.088237e-14 3.665558e+04 
  7.091573e-14 5.433635e+05 
  7.094908e-14 1.051455e+06 
 