 0 0 
  3.335641e-17 0 
  6.671282e-17 0 
  1.000692e-16 0 
  1.334256e-16 0 
  1.667820e-16 0 
  2.001385e-16 0 
  2.334949e-16 0 
  2.668513e-16 0 
  3.002077e-16 0 
  3.335641e-16 1.767489e-08 
  3.669205e-16 4.132765e-06 
  4.002769e-16 2.525728e-04 
  4.336333e-16 7.128098e-03 
  4.669897e-16 1.168758e-01 
  5.003461e-16 1.259534e+00 
  5.337026e-16 9.626820e+00 
  5.670590e-16 5.491541e+01 
  6.004154e-16 2.424064e+02 
  6.337718e-16 8.504806e+02 
  6.671282e-16 2.421399e+03 
  7.004846e-16 5.690525e+03 
  7.338410e-16 1.120889e+04 
  7.671974e-16 1.879437e+04 
  8.005538e-16 2.731078e+04 
  8.339102e-16 3.518800e+04 
  8.672666e-16 4.140786e+04 
  9.006231e-16 4.611558e+04 
  9.339795e-16 5.031345e+04 
  9.673359e-16 5.491178e+04 
  1.000692e-15 5.987217e+04 
  1.034049e-15 6.405463e+04 
  1.067405e-15 6.592673e+04 
  1.100762e-15 6.465129e+04 
  1.134118e-15 6.066555e+04 
  1.167474e-15 5.526778e+04 
  1.200831e-15 4.960677e+04 
  1.234187e-15 4.391647e+04 
  1.267544e-15 3.759905e+04 
  1.300900e-15 3.008776e+04 
  1.334256e-15 2.167692e+04 
  1.367613e-15 1.348904e+04 
  1.400969e-15 6.722411e+03 
  1.434326e-15 2.065258e+03 
  1.467682e-15 -2.282704e+02 
  1.501038e-15 1.538921e+02 
  1.534395e-15 3.948773e+03 
  1.567751e-15 1.213383e+04 
  1.601108e-15 2.532445e+04 
  1.634464e-15 4.350706e+04 
  1.667820e-15 6.654675e+04 
  1.701177e-15 9.490190e+04 
  1.734533e-15 1.296713e+05 
  1.767890e-15 1.718053e+05 
  1.801246e-15 2.211779e+05 
  1.834603e-15 2.765038e+05 
  1.867959e-15 3.363771e+05 
  1.901315e-15 4.004849e+05 
  1.934672e-15 4.696967e+05 
  1.968028e-15 5.448137e+05 
  2.001385e-15 6.251199e+05 
  2.034741e-15 7.081890e+05 
  2.068097e-15 7.912926e+05 
  2.101454e-15 8.731353e+05 
  2.134810e-15 9.541818e+05 
  2.168167e-15 1.035190e+06 
  2.201523e-15 1.115337e+06 
  2.234879e-15 1.191779e+06 
  2.268236e-15 1.261157e+06 
  2.301592e-15 1.321687e+06 
  2.334949e-15 1.373779e+06 
  2.368305e-15 1.418588e+06 
  2.401661e-15 1.455936e+06 
  2.435018e-15 1.483621e+06 
  2.468374e-15 1.498812e+06 
  2.501731e-15 1.500169e+06 
  2.535087e-15 1.488639e+06 
  2.568444e-15 1.466193e+06 
  2.601800e-15 1.433822e+06 
  2.635156e-15 1.390745e+06 
  2.668513e-15 1.335564e+06 
  2.701869e-15 1.268137e+06 
  2.735226e-15 1.190346e+06 
  2.768582e-15 1.105057e+06 
  2.801938e-15 1.014411e+06 
  2.835295e-15 9.191266e+05 
  2.868651e-15 8.193779e+05 
  2.902008e-15 7.162378e+05 
  2.935364e-15 6.122266e+05 
  2.968720e-15 5.104964e+05 
  3.002077e-15 4.135929e+05 
  3.035433e-15 3.230180e+05 
  3.068790e-15 2.398622e+05 
  3.102146e-15 1.656876e+05 
  3.135502e-15 1.027144e+05 
  3.168859e-15 5.320952e+04 
  3.202215e-15 1.883814e+04 
  3.235572e-15 6.474372e+02 
  3.268928e-15 -4.582551e+02 
  3.302285e-15 1.657026e+04 
  3.335641e-15 5.265420e+04 
  3.368997e-15 1.081115e+05 
  3.402354e-15 1.826191e+05 
  3.435710e-15 2.757116e+05 
  3.469067e-15 3.872047e+05 
  3.502423e-15 5.169463e+05 
  3.535779e-15 6.640720e+05 
  3.569136e-15 8.265876e+05 
  3.602492e-15 1.001867e+06 
  3.635849e-15 1.187664e+06 
  3.669205e-15 1.382576e+06 
  3.702561e-15 1.585388e+06 
  3.735918e-15 1.793924e+06 
  3.769274e-15 2.004614e+06 
  3.802631e-15 2.213360e+06 
  3.835987e-15 2.416929e+06 
  3.869344e-15 2.613476e+06 
  3.902700e-15 2.801645e+06 
  3.936056e-15 2.979156e+06 
  3.969413e-15 3.142360e+06 
  4.002769e-15 3.287299e+06 
  4.036126e-15 3.411282e+06 
  4.069482e-15 3.513414e+06 
  4.102838e-15 3.593552e+06 
  4.136195e-15 3.650777e+06 
  4.169551e-15 3.682931e+06 
  4.202908e-15 3.687721e+06 
  4.236264e-15 3.664305e+06 
  4.269620e-15 3.613789e+06 
  4.302977e-15 3.538181e+06 
  4.336333e-15 3.438879e+06 
  4.369690e-15 3.316197e+06 
  4.403046e-15 3.170327e+06 
  4.436402e-15 3.002716e+06 
  4.469759e-15 2.816484e+06 
  4.503115e-15 2.615524e+06 
  4.536472e-15 2.403231e+06 
  4.569828e-15 2.182091e+06 
  4.603185e-15 1.954399e+06 
  4.636541e-15 1.723240e+06 
  4.669897e-15 1.492721e+06 
  4.703254e-15 1.267280e+06 
  4.736610e-15 1.050812e+06 
  4.769967e-15 8.464557e+05 
  4.803323e-15 6.570730e+05 
  4.836679e-15 4.857902e+05 
  4.870036e-15 3.359951e+05 
  4.903392e-15 2.108513e+05 
  4.936749e-15 1.128795e+05 
  4.970105e-15 4.398226e+04 
  5.003461e-15 5.740816e+03 
  5.036818e-15 -4.573374e+02 
  5.070174e-15 2.637792e+04 
  5.103531e-15 8.657867e+04 
  5.136887e-15 1.798381e+05 
  5.170243e-15 3.054706e+05 
  5.203600e-15 4.625466e+05 
  5.236956e-15 6.496831e+05 
  5.270313e-15 8.647207e+05 
  5.303669e-15 1.104725e+06 
  5.337026e-15 1.366419e+06 
  5.370382e-15 1.646633e+06 
  5.403738e-15 1.942274e+06 
  5.437095e-15 2.249844e+06 
  5.470451e-15 2.565050e+06 
  5.503808e-15 2.883053e+06 
  5.537164e-15 3.199205e+06 
  5.570520e-15 3.509578e+06 
  5.603877e-15 3.810736e+06 
  5.637233e-15 4.098988e+06 
  5.670590e-15 4.369940e+06 
  5.703946e-15 4.618881e+06 
  5.737302e-15 4.841700e+06 
  5.770659e-15 5.035446e+06 
  5.804015e-15 5.197999e+06 
  5.837372e-15 5.327234e+06 
  5.870728e-15 5.420608e+06 
  5.904084e-15 5.475644e+06 
  5.937441e-15 5.490887e+06 
  5.970797e-15 5.466386e+06 
  6.004154e-15 5.403241e+06 
  6.037510e-15 5.302712e+06 
  6.070867e-15 5.165777e+06 
  6.104223e-15 4.993552e+06 
  6.137579e-15 4.788059e+06 
  6.170936e-15 4.552512e+06 
  6.204292e-15 4.290824e+06 
  6.237649e-15 4.006834e+06 
  6.271005e-15 3.704030e+06 
  6.304361e-15 3.385975e+06 
  6.337718e-15 3.056923e+06 
  6.371074e-15 2.721968e+06 
  6.404431e-15 2.386579e+06 
  6.437787e-15 2.055988e+06 
  6.471143e-15 1.735003e+06 
  6.504500e-15 1.428259e+06 
  6.537856e-15 1.140502e+06 
  6.571213e-15 8.764909e+05 
  6.604569e-15 6.406085e+05 
  6.637925e-15 4.365507e+05 
  6.671282e-15 2.673735e+05 
  6.704638e-15 1.357381e+05 
  6.737995e-15 4.401894e+04 
  6.771351e-15 -5.853347e+03 
  6.804708e-15 -1.261677e+04 
  6.838064e-15 2.428050e+04 
  6.871420e-15 1.048088e+05 
  6.904777e-15 2.284149e+05 
  6.938133e-15 3.938696e+05 
  6.971490e-15 5.990781e+05 
  7.004846e-15 8.411395e+05 
  7.038202e-15 1.116691e+06 
  7.071559e-15 1.422215e+06 
  7.104915e-15 1.754004e+06 
  7.138272e-15 2.107837e+06 
  7.171628e-15 2.478812e+06 
  7.204984e-15 2.861603e+06 
  7.238341e-15 3.250956e+06 
  7.271697e-15 3.641905e+06 
  7.305054e-15 4.029458e+06 
  7.338410e-15 4.408119e+06 
  7.371767e-15 4.771869e+06 
  7.405123e-15 5.114825e+06 
  7.438479e-15 5.432044e+06 
  7.471836e-15 5.719731e+06 
  7.505192e-15 5.974636e+06 
  7.538549e-15 6.193265e+06 
  7.571905e-15 6.371764e+06 
  7.605261e-15 6.506633e+06 
  7.638618e-15 6.595588e+06 
  7.671974e-15 6.637709e+06 
  7.705331e-15 6.632766e+06 
  7.738687e-15 6.580499e+06 
  7.772043e-15 6.480704e+06 
  7.805400e-15 6.334118e+06 
  7.838756e-15 6.143211e+06 
  7.872113e-15 5.911989e+06 
  7.905469e-15 5.644878e+06 
  7.938825e-15 5.345682e+06 
  7.972182e-15 5.017522e+06 
  8.005538e-15 4.663727e+06 
  8.038895e-15 4.288713e+06 
  8.072251e-15 3.898028e+06 
  8.105608e-15 3.497612e+06 
  8.138964e-15 3.093112e+06 
  8.172320e-15 2.689936e+06 
  8.205677e-15 2.293853e+06 
  8.239033e-15 1.911333e+06 
  8.272390e-15 1.549070e+06 
  8.305746e-15 1.213050e+06 
  8.339102e-15 9.079736e+05 
  8.372459e-15 6.374851e+05 
  8.405815e-15 4.048562e+05 
  8.439172e-15 2.133900e+05 
  8.472528e-15 6.622914e+04 
  8.505884e-15 -3.409040e+04 
  8.539241e-15 -8.580468e+04 
  8.572597e-15 -8.771852e+04 
  8.605954e-15 -3.904834e+04 
  8.639310e-15 6.032536e+04 
  8.672666e-15 2.093844e+05 
  8.706023e-15 4.058416e+05 
  8.739379e-15 6.466116e+05 
  8.772736e-15 9.284623e+05 
  8.806092e-15 1.248166e+06 
  8.839449e-15 1.601982e+06 
  8.872805e-15 1.985061e+06 
  8.906161e-15 2.391486e+06 
  8.939518e-15 2.815031e+06 
  8.972874e-15 3.249895e+06 
  9.006231e-15 3.690646e+06 
  9.039587e-15 4.131470e+06 
  9.072943e-15 4.565623e+06 
  9.106300e-15 4.985865e+06 
  9.139656e-15 5.385615e+06 
  9.173013e-15 5.759733e+06 
  9.206369e-15 6.104106e+06 
  9.239725e-15 6.414430e+06 
  9.273082e-15 6.685453e+06 
  9.306438e-15 6.911554e+06 
  9.339795e-15 7.088250e+06 
  9.373151e-15 7.213270e+06 
  9.406507e-15 7.286227e+06 
  9.439864e-15 7.307301e+06 
  9.473220e-15 7.276258e+06 
  9.506577e-15 7.192699e+06 
  9.539933e-15 7.057132e+06 
  9.573290e-15 6.871632e+06 
  9.606646e-15 6.639364e+06 
  9.640002e-15 6.363483e+06 
  9.673359e-15 6.046623e+06 
  9.706715e-15 5.691582e+06 
  9.740072e-15 5.302574e+06 
  9.773428e-15 4.885794e+06 
  9.806784e-15 4.448700e+06 
  9.840141e-15 3.998636e+06 
  9.873497e-15 3.541997e+06 
  9.906854e-15 3.084506e+06 
  9.940210e-15 2.632067e+06 
  9.973566e-15 2.191200e+06 
  1.000692e-14 1.768667e+06 
  1.004028e-14 1.370763e+06 
  1.007364e-14 1.003026e+06 
  1.010699e-14 6.705426e+05 
  1.014035e-14 3.783238e+05 
  1.017370e-14 1.311768e+05 
  1.020706e-14 -6.687494e+04 
  1.024042e-14 -2.130382e+05 
  1.027377e-14 -3.056124e+05 
  1.030713e-14 -3.434642e+05 
  1.034049e-14 -3.257094e+05 
  1.037384e-14 -2.519349e+05 
  1.040720e-14 -1.226726e+05 
  1.044056e-14 6.041215e+04 
  1.047391e-14 2.947892e+05 
  1.050727e-14 5.774048e+05 
  1.054063e-14 9.046405e+05 
  1.057398e-14 1.271937e+06 
  1.060734e-14 1.673611e+06 
  1.064069e-14 2.103248e+06 
  1.067405e-14 2.554436e+06 
  1.070741e-14 3.021131e+06 
  1.074076e-14 3.497312e+06 
  1.077412e-14 3.976299e+06 
  1.080748e-14 4.450543e+06 
  1.084083e-14 4.912265e+06 
  1.087419e-14 5.354438e+06 
  1.090755e-14 5.771253e+06 
  1.094090e-14 6.157683e+06 
  1.097426e-14 6.508668e+06 
  1.100762e-14 6.818817e+06 
  1.104097e-14 7.082906e+06 
  1.107433e-14 7.296681e+06 
  1.110768e-14 7.457135e+06 
  1.114104e-14 7.562108e+06 
  1.117440e-14 7.609754e+06 
  1.120775e-14 7.598612e+06 
  1.124111e-14 7.528301e+06 
  1.127447e-14 7.400139e+06 
  1.130782e-14 7.216955e+06 
  1.134118e-14 6.982178e+06 
  1.137454e-14 6.698978e+06 
  1.140789e-14 6.370216e+06 
  1.144125e-14 5.999184e+06 
  1.147460e-14 5.590394e+06 
  1.150796e-14 5.149723e+06 
  1.154132e-14 4.683897e+06 
  1.157467e-14 4.199887e+06 
  1.160803e-14 3.704725e+06 
  1.164139e-14 3.205671e+06 
  1.167474e-14 2.710277e+06 
  1.170810e-14 2.226060e+06 
  1.174146e-14 1.760014e+06 
  1.177481e-14 1.318405e+06 
  1.180817e-14 9.070118e+05 
  1.184153e-14 5.314873e+05 
  1.187488e-14 1.973946e+05 
  1.190824e-14 -9.018267e+04 
  1.194159e-14 -3.271094e+05 
  1.197495e-14 -5.103392e+05 
  1.200831e-14 -6.376783e+05 
  1.204166e-14 -7.074817e+05 
  1.207502e-14 -7.185859e+05 
  1.210838e-14 -6.704641e+05 
  1.214173e-14 -5.633651e+05 
  1.217509e-14 -3.983012e+05 
  1.220845e-14 -1.770152e+05 
  1.224180e-14 9.787593e+04 
  1.227516e-14 4.226126e+05 
  1.230852e-14 7.922079e+05 
  1.234187e-14 1.200775e+06 
  1.237523e-14 1.642106e+06 
  1.240858e-14 2.110062e+06 
  1.244194e-14 2.598491e+06 
  1.247530e-14 3.100853e+06 
  1.250865e-14 3.610012e+06 
  1.254201e-14 4.118457e+06 
  1.257537e-14 4.618739e+06 
  1.260872e-14 5.103709e+06 
  1.264208e-14 5.566411e+06 
  1.267544e-14 5.999889e+06 
  1.270879e-14 6.397320e+06 
  1.274215e-14 6.752474e+06 
  1.277550e-14 7.060131e+06 
  1.280886e-14 7.316020e+06 
  1.284222e-14 7.516399e+06 
  1.287557e-14 7.657754e+06 
  1.290893e-14 7.737065e+06 
  1.294229e-14 7.752474e+06 
  1.297564e-14 7.703776e+06 
  1.300900e-14 7.592248e+06 
  1.304236e-14 7.419997e+06 
  1.307571e-14 7.189427e+06 
  1.310907e-14 6.903278e+06 
  1.314243e-14 6.565077e+06 
  1.317578e-14 6.179454e+06 
  1.320914e-14 5.751994e+06 
  1.324249e-14 5.288786e+06 
  1.327585e-14 4.796166e+06 
  1.330921e-14 4.280848e+06 
  1.334256e-14 3.750143e+06 
  1.337592e-14 3.211856e+06 
  1.340928e-14 2.673783e+06 
  1.344263e-14 2.143222e+06 
  1.347599e-14 1.626942e+06 
  1.350935e-14 1.131607e+06 
  1.354270e-14 6.641821e+05 
  1.357606e-14 2.318589e+05 
  1.360942e-14 -1.584788e+05 
  1.364277e-14 -5.008186e+05 
  1.367613e-14 -7.902157e+05 
  1.370948e-14 -1.022647e+06 
  1.374284e-14 -1.194853e+06 
  1.377620e-14 -1.304392e+06 
  1.380955e-14 -1.349762e+06 
  1.384291e-14 -1.330348e+06 
  1.387627e-14 -1.246175e+06 
  1.390962e-14 -1.097768e+06 
  1.394298e-14 -8.864083e+05 
  1.397634e-14 -6.146237e+05 
  1.400969e-14 -2.864580e+05 
  1.404305e-14 9.280958e+04 
  1.407640e-14 5.172911e+05 
  1.410976e-14 9.809167e+05 
  1.414312e-14 1.477343e+06 
  1.417647e-14 1.999588e+06 
  1.420983e-14 2.539929e+06 
  1.424319e-14 3.090274e+06 
  1.427654e-14 3.642688e+06 
  1.430990e-14 4.189520e+06 
  1.434326e-14 4.723062e+06 
  1.437661e-14 5.235204e+06 
  1.440997e-14 5.717646e+06 
  1.444333e-14 6.162645e+06 
  1.447668e-14 6.563644e+06 
  1.451004e-14 6.915218e+06 
  1.454339e-14 7.212426e+06 
  1.457675e-14 7.450330e+06 
  1.461011e-14 7.624320e+06 
  1.464346e-14 7.731053e+06 
  1.467682e-14 7.769174e+06 
  1.471018e-14 7.739131e+06 
  1.474353e-14 7.642272e+06 
  1.477689e-14 7.480067e+06 
  1.481025e-14 7.254132e+06 
  1.484360e-14 6.966870e+06 
  1.487696e-14 6.621972e+06 
  1.491032e-14 6.224258e+06 
  1.494367e-14 5.779099e+06 
  1.497703e-14 5.292118e+06 
  1.501038e-14 4.769515e+06 
  1.504374e-14 4.218612e+06 
  1.507710e-14 3.647889e+06 
  1.511045e-14 3.066283e+06 
  1.514381e-14 2.482276e+06 
  1.517717e-14 1.903544e+06 
  1.521052e-14 1.337368e+06 
  1.524388e-14 7.912835e+05 
  1.527724e-14 2.732342e+05 
  1.531059e-14 -2.089188e+05 
  1.534395e-14 -6.480480e+05 
  1.537730e-14 -1.037985e+06 
  1.541066e-14 -1.373274e+06 
  1.544402e-14 -1.648924e+06 
  1.547737e-14 -1.860566e+06 
  1.551073e-14 -2.004890e+06 
  1.554409e-14 -2.079911e+06 
  1.557744e-14 -2.084773e+06 
  1.561080e-14 -2.019397e+06 
  1.564416e-14 -1.884430e+06 
  1.567751e-14 -1.681625e+06 
  1.571087e-14 -1.414183e+06 
  1.574423e-14 -1.086589e+06 
  1.577758e-14 -7.039478e+05 
  1.581094e-14 -2.714319e+05 
  1.584429e-14 2.056430e+05 
  1.587765e-14 7.212220e+05 
  1.591101e-14 1.268065e+06 
  1.594436e-14 1.837973e+06 
  1.597772e-14 2.422502e+06 
  1.601108e-14 3.013474e+06 
  1.604443e-14 3.602858e+06 
  1.607779e-14 4.182313e+06 
  1.611115e-14 4.743083e+06 
  1.614450e-14 5.276557e+06 
  1.617786e-14 5.775007e+06 
  1.621122e-14 6.231760e+06 
  1.624457e-14 6.640629e+06 
  1.627793e-14 6.995250e+06 
  1.631128e-14 7.289168e+06 
  1.634464e-14 7.516795e+06 
  1.637800e-14 7.674444e+06 
  1.641135e-14 7.760502e+06 
  1.644471e-14 7.774592e+06 
  1.647807e-14 7.716547e+06 
  1.651142e-14 7.586151e+06 
  1.654478e-14 7.383803e+06 
  1.657814e-14 7.111361e+06 
  1.661149e-14 6.772352e+06 
  1.664485e-14 6.371469e+06 
  1.667820e-14 5.914046e+06 
  1.671156e-14 5.406101e+06 
  1.674492e-14 4.854823e+06 
  1.677827e-14 4.268756e+06 
  1.681163e-14 3.657216e+06 
  1.684499e-14 3.029297e+06 
  1.687834e-14 2.393304e+06 
  1.691170e-14 1.757076e+06 
  1.694506e-14 1.128799e+06 
  1.697841e-14 5.174275e+05 
  1.701177e-14 -6.770972e+04 
  1.704513e-14 -6.177526e+05 
  1.707848e-14 -1.124857e+06 
  1.711184e-14 -1.582118e+06 
  1.714519e-14 -1.983232e+06 
  1.717855e-14 -2.322456e+06 
  1.721191e-14 -2.594968e+06 
  1.724526e-14 -2.797197e+06 
  1.727862e-14 -2.926714e+06 
  1.731198e-14 -2.981791e+06 
  1.734533e-14 -2.961181e+06 
  1.737869e-14 -2.864432e+06 
  1.741205e-14 -2.692464e+06 
  1.744540e-14 -2.447782e+06 
  1.747876e-14 -2.134080e+06 
  1.751211e-14 -1.755630e+06 
  1.754547e-14 -1.317128e+06 
  1.757883e-14 -8.241175e+05 
  1.761218e-14 -2.834895e+05 
  1.764554e-14 2.965832e+05 
  1.767890e-14 9.073269e+05 
  1.771225e-14 1.540030e+06 
  1.774561e-14 2.186086e+06 
  1.777897e-14 2.836492e+06 
  1.781232e-14 3.481523e+06 
  1.784568e-14 4.111106e+06 
  1.787904e-14 4.715683e+06 
  1.791239e-14 5.286748e+06 
  1.794575e-14 5.816587e+06 
  1.797910e-14 6.297588e+06 
  1.801246e-14 6.721981e+06 
  1.804582e-14 7.082451e+06 
  1.807917e-14 7.373103e+06 
  1.811253e-14 7.589879e+06 
  1.814589e-14 7.730048e+06 
  1.817924e-14 7.791372e+06 
  1.821260e-14 7.771902e+06 
  1.824596e-14 7.670676e+06 
  1.827931e-14 7.488651e+06 
  1.831267e-14 7.228918e+06 
  1.834603e-14 6.895945e+06 
  1.837938e-14 6.494593e+06 
  1.841274e-14 6.029786e+06 
  1.844609e-14 5.507041e+06 
  1.847945e-14 4.933175e+06 
  1.851281e-14 4.316411e+06 
  1.854616e-14 3.665818e+06 
  1.857952e-14 2.990721e+06 
  1.861288e-14 2.300648e+06 
  1.864623e-14 1.605677e+06 
  1.867959e-14 9.164677e+05 
  1.871295e-14 2.435916e+05 
  1.874630e-14 -4.034639e+05 
  1.877966e-14 -1.016767e+06 
  1.881301e-14 -1.589471e+06 
  1.884637e-14 -2.114858e+06 
  1.887973e-14 -2.585768e+06 
  1.891308e-14 -2.994859e+06 
  1.894644e-14 -3.335368e+06 
  1.897980e-14 -3.601684e+06 
  1.901315e-14 -3.789453e+06 
  1.904651e-14 -3.895527e+06 
  1.907987e-14 -3.918150e+06 
  1.911322e-14 -3.857312e+06 
  1.914658e-14 -3.714779e+06 
  1.917994e-14 -3.493507e+06 
  1.921329e-14 -3.196830e+06 
  1.924665e-14 -2.828145e+06 
  1.928000e-14 -2.391430e+06 
  1.931336e-14 -1.892107e+06 
  1.934672e-14 -1.337403e+06 
  1.938007e-14 -7.358453e+05 
  1.941343e-14 -9.639729e+04 
  1.944679e-14 5.719814e+05 
  1.948014e-14 1.260075e+06 
  1.951350e-14 1.958001e+06 
  1.954686e-14 2.655331e+06 
  1.958021e-14 3.341814e+06 
  1.961357e-14 4.008012e+06 
  1.964693e-14 4.645220e+06 
  1.968028e-14 5.244800e+06 
  1.971364e-14 5.797774e+06 
  1.974699e-14 6.295279e+06 
  1.978035e-14 6.729608e+06 
  1.981371e-14 7.094865e+06 
  1.984706e-14 7.386616e+06 
  1.988042e-14 7.600927e+06 
  1.991378e-14 7.733820e+06 
  1.994713e-14 7.781799e+06 
  1.998049e-14 7.742966e+06 
  2.001385e-14 7.617690e+06 
  2.004720e-14 7.408214e+06 
  2.008056e-14 7.117694e+06 
  2.011391e-14 6.749623e+06 
  2.014727e-14 6.308154e+06 
  2.018063e-14 5.798798e+06 
  2.021398e-14 5.228642e+06 
  2.024734e-14 4.605787e+06 
  2.028070e-14 3.938615e+06 
  2.031405e-14 3.235651e+06 
  2.034741e-14 2.506138e+06 
  2.038077e-14 1.760572e+06 
  2.041412e-14 1.010468e+06 
  2.044748e-14 2.673591e+05 
  2.048084e-14 -4.581332e+05 
  2.051419e-14 -1.156435e+06 
  2.054755e-14 -1.818440e+06 
  2.058090e-14 -2.434995e+06 
  2.061426e-14 -2.997055e+06 
  2.064762e-14 -3.496355e+06 
  2.068097e-14 -3.925893e+06 
  2.071433e-14 -4.279822e+06 
  2.074769e-14 -4.553050e+06 
  2.078104e-14 -4.741197e+06 
  2.081440e-14 -4.841115e+06 
  2.084776e-14 -4.851462e+06 
  2.088111e-14 -4.772717e+06 
  2.091447e-14 -4.606566e+06 
  2.094783e-14 -4.355302e+06 
  2.098118e-14 -4.021858e+06 
  2.101454e-14 -3.610384e+06 
  2.104789e-14 -3.126670e+06 
  2.108125e-14 -2.577859e+06 
  2.111461e-14 -1.971710e+06 
  2.114796e-14 -1.316159e+06 
  2.118132e-14 -6.196331e+05 
  2.121468e-14 1.082835e+05 
  2.124803e-14 8.567040e+05 
  2.128139e-14 1.614153e+06 
  2.131475e-14 2.369589e+06 
  2.134810e-14 3.112820e+06 
  2.138146e-14 3.834014e+06 
  2.141481e-14 4.522969e+06 
  2.144817e-14 5.169066e+06 
  2.148153e-14 5.762100e+06 
  2.151488e-14 6.293237e+06 
  2.154824e-14 6.755225e+06 
  2.158160e-14 7.141759e+06 
  2.161495e-14 7.446834e+06 
  2.164831e-14 7.664912e+06 
  2.168167e-14 7.791837e+06 
  2.171502e-14 7.825597e+06 
  2.174838e-14 7.766152e+06 
  2.178174e-14 7.614516e+06 
  2.181509e-14 7.372089e+06 
  2.184845e-14 7.040946e+06 
  2.188180e-14 6.624793e+06 
  2.191516e-14 6.129583e+06 
  2.194852e-14 5.563105e+06 
  2.198187e-14 4.933913e+06 
  2.201523e-14 4.250570e+06 
  2.204859e-14 3.521812e+06 
  2.208194e-14 2.757239e+06 
  2.211530e-14 1.967670e+06 
  2.214866e-14 1.164704e+06 
  2.218201e-14 3.599450e+05 
  2.221537e-14 -4.353769e+05 
  2.224873e-14 -1.210174e+06 
  2.228208e-14 -1.953193e+06 
  2.231544e-14 -2.653277e+06 
  2.234879e-14 -3.300174e+06 
  2.238215e-14 -3.885197e+06 
  2.241551e-14 -4.401119e+06 
  2.244886e-14 -4.841460e+06 
  2.248222e-14 -5.199954e+06 
  2.251558e-14 -5.470791e+06 
  2.254893e-14 -5.649441e+06 
  2.258229e-14 -5.733288e+06 
  2.261565e-14 -5.721579e+06 
  2.264900e-14 -5.614925e+06 
  2.268236e-14 -5.414997e+06 
  2.271571e-14 -5.124707e+06 
  2.274907e-14 -4.748476e+06 
  2.278243e-14 -4.292054e+06 
  2.281578e-14 -3.761882e+06 
  2.284914e-14 -3.164622e+06 
  2.288250e-14 -2.507412e+06 
  2.291585e-14 -1.798667e+06 
  2.294921e-14 -1.048603e+06 
  2.298257e-14 -2.688126e+05 
  2.301592e-14 5.288432e+05 
  2.304928e-14 1.333114e+06 
  2.308264e-14 2.133334e+06 
  2.311599e-14 2.918745e+06 
  2.314935e-14 3.678082e+06 
  2.318270e-14 4.399973e+06 
  2.321606e-14 5.073833e+06 
  2.324942e-14 5.690393e+06 
  2.328277e-14 6.241426e+06 
  2.331613e-14 6.719162e+06 
  2.334949e-14 7.116183e+06 
  2.338284e-14 7.426094e+06 
  2.341620e-14 7.644326e+06 
  2.344956e-14 7.768257e+06 
  2.348291e-14 7.796530e+06 
  2.351627e-14 7.728312e+06 
  2.354963e-14 7.563355e+06 
  2.358298e-14 7.302875e+06 
  2.361634e-14 6.950400e+06 
  2.364969e-14 6.511694e+06 
  2.368305e-14 5.993756e+06 
  2.371641e-14 5.403780e+06 
  2.374976e-14 4.748931e+06 
  2.378312e-14 4.036935e+06 
  2.381648e-14 3.276756e+06 
  2.384983e-14 2.478640e+06 
  2.388319e-14 1.653617e+06 
  2.391655e-14 8.130637e+05 
  2.394990e-14 -3.125856e+04 
  2.398326e-14 -8.669672e+05 
  2.401661e-14 -1.681254e+06 
  2.404997e-14 -2.461703e+06 
  2.408333e-14 -3.197189e+06 
  2.411668e-14 -3.878133e+06 
  2.415004e-14 -4.495957e+06 
  2.418340e-14 -5.042359e+06 
  2.421675e-14 -5.509190e+06 
  2.425011e-14 -5.889044e+06 
  2.428347e-14 -6.176018e+06 
  2.431682e-14 -6.365977e+06 
  2.435018e-14 -6.456291e+06 
  2.438354e-14 -6.445561e+06 
  2.441689e-14 -6.333751e+06 
  2.445025e-14 -6.122580e+06 
  2.448360e-14 -5.815600e+06 
  2.451696e-14 -5.417728e+06 
  2.455032e-14 -4.934616e+06 
  2.458367e-14 -4.372495e+06 
  2.461703e-14 -3.738654e+06 
  2.465039e-14 -3.041980e+06 
  2.468374e-14 -2.292883e+06 
  2.471710e-14 -1.502505e+06 
  2.475046e-14 -6.818935e+05 
  2.478381e-14 1.581487e+05 
  2.481717e-14 1.006518e+06 
  2.485053e-14 1.851297e+06 
  2.488388e-14 2.679954e+06 
  2.491724e-14 3.480194e+06 
  2.495059e-14 4.240718e+06 
  2.498395e-14 4.951266e+06 
  2.501731e-14 5.602121e+06 
  2.505066e-14 6.183823e+06 
  2.508402e-14 6.687582e+06 
  2.511738e-14 7.106077e+06 
  2.515073e-14 7.433862e+06 
  2.518409e-14 7.666990e+06 
  2.521745e-14 7.802324e+06 
  2.525080e-14 7.837346e+06 
  2.528416e-14 7.770785e+06 
  2.531751e-14 7.603476e+06 
  2.535087e-14 7.338595e+06 
  2.538423e-14 6.981002e+06 
  2.541758e-14 6.536298e+06 
  2.545094e-14 6.010453e+06 
  2.548430e-14 5.410204e+06 
  2.551765e-14 4.743660e+06 
  2.555101e-14 4.020371e+06 
  2.558437e-14 3.250759e+06 
  2.561772e-14 2.445483e+06 
  2.565108e-14 1.615317e+06 
  2.568444e-14 7.715121e+05 
  2.571779e-14 -7.395945e+04 
  2.575115e-14 -9.087484e+05 
  2.578450e-14 -1.720852e+06 
  2.581786e-14 -2.499096e+06 
  2.585122e-14 -3.232999e+06 
  2.588457e-14 -3.912354e+06 
  2.591793e-14 -4.527150e+06 
  2.595129e-14 -5.068112e+06 
  2.598464e-14 -5.527457e+06 
  2.601800e-14 -5.899211e+06 
  2.605136e-14 -6.178917e+06 
  2.608471e-14 -6.363139e+06 
  2.611807e-14 -6.449336e+06 
  2.615143e-14 -6.436176e+06 
  2.618478e-14 -6.323851e+06 
  2.621814e-14 -6.113989e+06 
  2.625149e-14 -5.809268e+06 
  2.628485e-14 -5.413259e+06 
  2.631821e-14 -4.930799e+06 
  2.635156e-14 -4.368557e+06 
  2.638492e-14 -3.735162e+06 
  2.641828e-14 -3.040605e+06 
  2.645163e-14 -2.295348e+06 
  2.648499e-14 -1.509840e+06 
  2.651835e-14 -6.947209e+05 
  2.655170e-14 1.387510e+05 
  2.658506e-14 9.786873e+05 
  2.661841e-14 1.813128e+06 
  2.665177e-14 2.630652e+06 
  2.668513e-14 3.420469e+06 
  2.671848e-14 4.171981e+06 
  2.675184e-14 4.874465e+06 
  2.678520e-14 5.517411e+06 
  2.681855e-14 6.091380e+06 
  2.685191e-14 6.588654e+06 
  2.688527e-14 7.003109e+06 
  2.691862e-14 7.329538e+06 
  2.695198e-14 7.563189e+06 
  2.698534e-14 7.700057e+06 
  2.701869e-14 7.737680e+06 
  2.705205e-14 7.675661e+06 
  2.708540e-14 7.515456e+06 
  2.711876e-14 7.259726e+06 
  2.715212e-14 6.911970e+06 
  2.718547e-14 6.476771e+06 
  2.721883e-14 5.960299e+06 
  2.725219e-14 5.370385e+06 
  2.728554e-14 4.715984e+06 
  2.731890e-14 4.006493e+06 
  2.735226e-14 3.251563e+06 
  2.738561e-14 2.461490e+06 
  2.741897e-14 1.647650e+06 
  2.745233e-14 8.223317e+05 
  2.748568e-14 -2.030929e+03 
  2.751904e-14 -8.136371e+05 
  2.755239e-14 -1.601537e+06 
  2.758575e-14 -2.355301e+06 
  2.761911e-14 -3.064694e+06 
  2.765246e-14 -3.719800e+06 
  2.768582e-14 -4.311520e+06 
  2.771918e-14 -4.831924e+06 
  2.775253e-14 -5.274202e+06 
  2.778589e-14 -5.632399e+06 
  2.781925e-14 -5.901437e+06 
  2.785260e-14 -6.077509e+06 
  2.788596e-14 -6.158504e+06 
  2.791931e-14 -6.143957e+06 
  2.795267e-14 -6.034535e+06 
  2.798603e-14 -5.831564e+06 
  2.801938e-14 -5.537083e+06 
  2.805274e-14 -5.154400e+06 
  2.808610e-14 -4.688580e+06 
  2.811945e-14 -4.146393e+06 
  2.815281e-14 -3.535803e+06 
  2.818617e-14 -2.865525e+06 
  2.821952e-14 -2.144999e+06 
  2.825288e-14 -1.384606e+06 
  2.828624e-14 -5.955919e+05 
  2.831959e-14 2.104656e+05 
  2.835295e-14 1.022308e+06 
  2.838630e-14 1.829178e+06 
  2.841966e-14 2.620428e+06 
  2.845302e-14 3.385071e+06 
  2.848637e-14 4.111887e+06 
  2.851973e-14 4.790152e+06 
  2.855309e-14 5.410399e+06 
  2.858644e-14 5.964578e+06 
  2.861980e-14 6.445580e+06 
  2.865316e-14 6.846753e+06 
  2.868651e-14 7.162015e+06 
  2.871987e-14 7.386517e+06 
  2.875323e-14 7.517232e+06 
  2.878658e-14 7.552917e+06 
  2.881994e-14 7.493583e+06 
  2.885329e-14 7.340084e+06 
  2.888665e-14 7.094286e+06 
  2.892001e-14 6.759613e+06 
  2.895336e-14 6.341311e+06 
  2.898672e-14 5.846092e+06 
  2.902008e-14 5.281461e+06 
  2.905343e-14 4.655330e+06 
  2.908679e-14 3.976223e+06 
  2.912015e-14 3.253675e+06 
  2.915350e-14 2.498225e+06 
  2.918686e-14 1.720847e+06 
  2.922021e-14 9.322640e+05 
  2.925357e-14 1.427456e+05 
  2.928693e-14 -6.375115e+05 
  2.932028e-14 -1.397919e+06 
  2.935364e-14 -2.127518e+06 
  2.938700e-14 -2.815540e+06 
  2.942035e-14 -3.452050e+06 
  2.945371e-14 -4.028191e+06 
  2.948707e-14 -4.536033e+06 
  2.952042e-14 -4.968446e+06 
  2.955378e-14 -5.319283e+06 
  2.958714e-14 -5.583732e+06 
  2.962049e-14 -5.758425e+06 
  2.965385e-14 -5.841166e+06 
  2.968720e-14 -5.830608e+06 
  2.972056e-14 -5.726320e+06 
  2.975392e-14 -5.529302e+06 
  2.978727e-14 -5.242486e+06 
  2.982063e-14 -4.870708e+06 
  2.985399e-14 -4.420125e+06 
  2.988734e-14 -3.897583e+06 
  2.992070e-14 -3.310433e+06 
  2.995406e-14 -2.666778e+06 
  2.998741e-14 -1.975696e+06 
  3.002077e-14 -1.247056e+06 
  3.005412e-14 -4.910344e+05 
  3.008748e-14 2.821851e+05 
  3.012084e-14 1.062273e+06 
  3.015419e-14 1.838449e+06 
  3.018755e-14 2.599527e+06 
  3.022091e-14 3.334476e+06 
  3.025426e-14 4.033082e+06 
  3.028762e-14 4.686136e+06 
  3.032098e-14 5.285050e+06 
  3.035433e-14 5.821404e+06 
  3.038769e-14 6.287053e+06 
  3.042105e-14 6.674851e+06 
  3.045440e-14 6.979410e+06 
  3.048776e-14 7.197231e+06 
  3.052111e-14 7.326171e+06 
  3.055447e-14 7.364830e+06 
  3.058783e-14 7.312466e+06 
  3.062118e-14 7.169455e+06 
  3.065454e-14 6.937766e+06 
  3.068790e-14 6.620936e+06 
  3.072125e-14 6.223625e+06 
  3.075461e-14 5.751275e+06 
  3.078797e-14 5.210213e+06 
  3.082132e-14 4.608006e+06 
  3.085468e-14 3.953514e+06 
  3.088804e-14 3.256407e+06 
  3.092139e-14 2.526483e+06 
  3.095475e-14 1.773417e+06 
  3.098810e-14 1.007118e+06 
  3.102146e-14 2.382599e+05 
  3.105482e-14 -5.216507e+05 
  3.108817e-14 -1.260899e+06 
  3.112153e-14 -1.968430e+06 
  3.115489e-14 -2.634348e+06 
  3.118824e-14 -3.249846e+06 
  3.122160e-14 -3.806897e+06 
  3.125496e-14 -4.298159e+06 
  3.128831e-14 -4.717164e+06 
  3.132167e-14 -5.058481e+06 
  3.135502e-14 -5.317623e+06 
  3.138838e-14 -5.490846e+06 
  3.142174e-14 -5.575208e+06 
  3.145509e-14 -5.569044e+06 
  3.148845e-14 -5.472500e+06 
  3.152181e-14 -5.287604e+06 
  3.155516e-14 -5.017767e+06 
  3.158852e-14 -4.667117e+06 
  3.162188e-14 -4.240246e+06 
  3.165523e-14 -3.742521e+06 
  3.168859e-14 -3.180534e+06 
  3.172195e-14 -2.562199e+06 
  3.175530e-14 -1.896395e+06 
  3.178866e-14 -1.192534e+06 
  3.182201e-14 -4.604495e+05 
  3.185537e-14 2.894783e+05 
  3.188873e-14 1.046351e+06 
  3.192208e-14 1.799208e+06 
  3.195544e-14 2.537636e+06 
  3.198880e-14 3.252011e+06 
  3.202215e-14 3.933158e+06 
  3.205551e-14 4.571829e+06 
  3.208887e-14 5.158630e+06 
  3.212222e-14 5.684629e+06 
  3.215558e-14 6.142188e+06 
  3.218894e-14 6.525321e+06 
  3.222229e-14 6.829365e+06 
  3.225565e-14 7.050422e+06 
  3.228900e-14 7.185208e+06 
  3.232236e-14 7.231491e+06 
  3.235572e-14 7.188638e+06 
  3.238907e-14 7.057720e+06 
  3.242243e-14 6.841071e+06 
  3.245579e-14 6.541818e+06 
  3.248914e-14 6.163855e+06 
  3.252250e-14 5.712240e+06 
  3.255586e-14 5.193468e+06 
  3.258921e-14 4.615232e+06 
  3.262257e-14 3.985807e+06 
  3.265592e-14 3.313644e+06 
  3.268928e-14 2.607542e+06 
  3.272264e-14 1.877133e+06 
  3.275599e-14 1.133067e+06 
  3.278935e-14 3.865641e+05 
  3.282271e-14 -3.513858e+05 
  3.285606e-14 -1.070540e+06 
  3.288942e-14 -1.761345e+06 
  3.292278e-14 -2.414575e+06 
  3.295613e-14 -3.021195e+06 
  3.298949e-14 -3.572658e+06 
  3.302285e-14 -4.061326e+06 
  3.305620e-14 -4.480616e+06 
  3.308956e-14 -4.824821e+06 
  3.312291e-14 -5.088962e+06 
  3.315627e-14 -5.268996e+06 
  3.318963e-14 -5.362281e+06 
  3.322298e-14 -5.367832e+06 
  3.325634e-14 -5.286113e+06 
  3.328970e-14 -5.118552e+06 
  3.332305e-14 -4.867297e+06 
  3.335641e-14 -4.535437e+06 
  3.338977e-14 -4.127435e+06 
  3.342312e-14 -3.649246e+06 
  3.345648e-14 -3.107953e+06 
  3.348984e-14 -2.511268e+06 
  3.352319e-14 -1.867333e+06 
  3.355655e-14 -1.184949e+06 
  3.358990e-14 -4.737846e+05 
  3.362326e-14 2.558146e+05 
  3.365662e-14 9.934109e+05 
  3.368997e-14 1.728946e+06 
  3.372333e-14 2.452711e+06 
  3.375669e-14 3.154964e+06 
  3.379004e-14 3.825729e+06 
  3.382340e-14 4.455163e+06 
  3.385676e-14 5.034245e+06 
  3.389011e-14 5.555195e+06 
  3.392347e-14 6.011286e+06 
  3.395682e-14 6.396369e+06 
  3.399018e-14 6.704721e+06 
  3.402354e-14 6.931507e+06 
  3.405689e-14 7.073458e+06 
  3.409025e-14 7.129120e+06 
  3.412361e-14 7.098456e+06 
  3.415696e-14 6.982223e+06 
  3.419032e-14 6.781764e+06 
  3.422368e-14 6.499381e+06 
  3.425703e-14 6.138845e+06 
  3.429039e-14 5.705458e+06 
  3.432375e-14 5.205588e+06 
  3.435710e-14 4.646134e+06 
  3.439046e-14 4.034451e+06 
  3.442381e-14 3.378714e+06 
  3.445717e-14 2.688203e+06 
  3.449053e-14 1.973073e+06 
  3.452388e-14 1.243697e+06 
  3.455724e-14 5.101608e+05 
  3.459060e-14 -2.177255e+05 
  3.462395e-14 -9.300501e+05 
  3.465731e-14 -1.616626e+06 
  3.469067e-14 -2.267338e+06 
  3.472402e-14 -2.872787e+06 
  3.475738e-14 -3.424687e+06 
  3.479074e-14 -3.915770e+06 
  3.482409e-14 -4.339472e+06 
  3.485745e-14 -4.689856e+06 
  3.489080e-14 -4.961924e+06 
  3.492416e-14 -5.152002e+06 
  3.495752e-14 -5.257788e+06 
  3.499087e-14 -5.278062e+06 
  3.502423e-14 -5.212430e+06 
  3.505759e-14 -5.061449e+06 
  3.509094e-14 -4.827018e+06 
  3.512430e-14 -4.512587e+06 
  3.515766e-14 -4.122912e+06 
  3.519101e-14 -3.663542e+06 
  3.522437e-14 -3.140567e+06 
  3.525772e-14 -2.560809e+06 
  3.529108e-14 -1.932203e+06 
  3.532444e-14 -1.263832e+06 
  3.535779e-14 -5.654635e+05 
  3.539115e-14 1.530445e+05 
  3.542451e-14 8.819646e+05 
  3.545786e-14 1.611463e+06 
  3.549122e-14 2.331327e+06 
  3.552458e-14 3.031133e+06 
  3.555793e-14 3.700834e+06 
  3.559129e-14 4.331278e+06 
  3.562465e-14 4.914205e+06 
  3.565800e-14 5.441845e+06 
  3.569136e-14 5.906669e+06 
  3.572471e-14 6.301702e+06 
  3.575807e-14 6.621194e+06 
  3.579143e-14 6.861036e+06 
  3.582478e-14 7.018540e+06 
  3.585814e-14 7.091846e+06 
  3.589150e-14 7.079616e+06 
  3.592485e-14 6.981352e+06 
  3.595821e-14 6.798033e+06 
  3.599157e-14 6.532418e+06 
  3.602492e-14 6.188722e+06 
  3.605828e-14 5.772005e+06 
  3.609164e-14 5.287879e+06 
  3.612499e-14 4.742743e+06 
  3.615835e-14 4.144171e+06 
  3.619170e-14 3.500909e+06 
  3.622506e-14 2.822362e+06 
  3.625842e-14 2.118019e+06 
  3.629177e-14 1.397307e+06 
  3.632513e-14 6.698873e+05 
  3.635849e-14 -5.408453e+04 
  3.639184e-14 -7.641648e+05 
  3.642520e-14 -1.450233e+06 
  3.645856e-14 -2.102985e+06 
  3.649191e-14 -2.713916e+06 
  3.652527e-14 -3.274929e+06 
  3.655862e-14 -3.778087e+06 
  3.659198e-14 -4.215845e+06 
  3.662534e-14 -4.581594e+06 
  3.665869e-14 -4.870050e+06 
  3.669205e-14 -5.077243e+06 
  3.672541e-14 -5.200317e+06 
  3.675876e-14 -5.237522e+06 
  3.679212e-14 -5.188469e+06 
  3.682548e-14 -5.054331e+06 
  3.685883e-14 -4.837641e+06 
  3.689219e-14 -4.541773e+06 
  3.692555e-14 -4.170557e+06 
  3.695890e-14 -3.728399e+06 
  3.699226e-14 -3.220775e+06 
  3.702561e-14 -2.654577e+06 
  3.705897e-14 -2.037953e+06 
  3.709233e-14 -1.379782e+06 
  3.712568e-14 -6.892895e+05 
  3.715904e-14 2.394526e+04 
  3.719240e-14 7.497948e+05 
  3.722575e-14 1.477677e+06 
  3.725911e-14 2.197066e+06 
  3.729247e-14 2.898065e+06 
  3.732582e-14 3.571533e+06 
  3.735918e-14 4.208724e+06 
  3.739254e-14 4.800899e+06 
  3.742589e-14 5.339427e+06 
  3.745925e-14 5.816395e+06 
  3.749260e-14 6.225188e+06 
  3.752596e-14 6.560532e+06 
  3.755932e-14 6.818046e+06 
  3.759267e-14 6.993871e+06 
  3.762603e-14 7.084860e+06 
  3.765939e-14 7.089229e+06 
  3.769274e-14 7.007052e+06 
  3.772610e-14 6.840148e+06 
  3.775946e-14 6.591498e+06 
  3.779281e-14 6.264769e+06 
  3.782617e-14 5.864346e+06 
  3.785952e-14 5.395682e+06 
  3.789288e-14 4.865434e+06 
  3.792624e-14 4.281124e+06 
  3.795959e-14 3.650626e+06 
  3.799295e-14 2.981994e+06 
  3.802631e-14 2.283803e+06 
  3.805966e-14 1.565600e+06 
  3.809302e-14 8.378887e+05 
  3.812638e-14 1.115427e+05 
  3.815973e-14 -6.029425e+05 
  3.819309e-14 -1.295784e+06 
  3.822645e-14 -1.957725e+06 
  3.825980e-14 -2.579717e+06 
  3.829316e-14 -3.152937e+06 
  3.832651e-14 -3.669174e+06 
  3.835987e-14 -4.121214e+06 
  3.839323e-14 -4.502906e+06 
  3.842658e-14 -4.808977e+06 
  3.845994e-14 -5.034981e+06 
  3.849330e-14 -5.177579e+06 
  3.852665e-14 -5.234917e+06 
  3.856001e-14 -5.206697e+06 
  3.859337e-14 -5.093802e+06 
  3.862672e-14 -4.897837e+06 
  3.866008e-14 -4.621032e+06 
  3.869344e-14 -4.266595e+06 
  3.872679e-14 -3.839143e+06 
  3.876015e-14 -3.344745e+06 
  3.879350e-14 -2.790533e+06 
  3.882686e-14 -2.184278e+06 
  3.886022e-14 -1.534296e+06 
  3.889357e-14 -8.496253e+05 
  3.892693e-14 -1.400905e+05 
  3.896029e-14 5.840493e+05 
  3.899364e-14 1.312657e+06 
  3.902700e-14 2.036011e+06 
  3.906036e-14 2.744607e+06 
  3.909371e-14 3.428786e+06 
  3.912707e-14 4.078697e+06 
  3.916042e-14 4.684806e+06 
  3.919378e-14 5.238549e+06 
  3.922714e-14 5.732579e+06 
  3.926049e-14 6.160452e+06 
  3.929385e-14 6.516192e+06 
  3.932721e-14 6.794311e+06 
  3.936056e-14 6.990355e+06 
  3.939392e-14 7.101529e+06 
  3.942728e-14 7.126807e+06 
  3.946063e-14 7.066498e+06 
  3.949399e-14 6.921722e+06 
  3.952735e-14 6.694320e+06 
  3.956070e-14 6.387197e+06 
  3.959406e-14 6.004618e+06 
  3.962741e-14 5.552068e+06 
  3.966077e-14 5.035780e+06 
  3.969413e-14 4.462429e+06 
  3.972748e-14 3.839309e+06 
  3.976084e-14 3.174776e+06 
  3.979420e-14 2.478404e+06 
  3.982755e-14 1.760556e+06 
  3.986091e-14 1.031665e+06 
  3.989427e-14 3.017791e+05 
  3.992762e-14 -4.193437e+05 
  3.996098e-14 -1.121880e+06 
  3.999434e-14 -1.795843e+06 
  4.002769e-14 -2.431453e+06 
  4.006105e-14 -3.019667e+06 
  4.009440e-14 -3.552449e+06 
  4.012776e-14 -4.022662e+06 
  4.016112e-14 -4.423879e+06 
  4.019447e-14 -4.750460e+06 
  4.022783e-14 -4.997871e+06 
  4.026119e-14 -5.162895e+06 
  4.029454e-14 -5.243504e+06 
  4.032790e-14 -5.238543e+06 
  4.036126e-14 -5.147621e+06 
  4.039461e-14 -4.971427e+06 
  4.042797e-14 -4.712177e+06 
  4.046132e-14 -4.373757e+06 
  4.049468e-14 -3.961368e+06 
  4.052804e-14 -3.480998e+06 
  4.056139e-14 -2.939164e+06 
  4.059475e-14 -2.343082e+06 
  4.062811e-14 -1.700915e+06 
  4.066146e-14 -1.021726e+06 
  4.069482e-14 -3.150753e+05 
  4.072818e-14 4.093489e+05 
  4.076153e-14 1.141762e+06 
  4.079489e-14 1.872053e+06 
  4.082825e-14 2.589727e+06 
  4.086160e-14 3.284302e+06 
  4.089496e-14 3.945945e+06 
  4.092831e-14 4.565819e+06 
  4.096167e-14 5.135901e+06 
  4.099503e-14 5.648526e+06 
  4.102838e-14 6.096253e+06 
  4.106174e-14 6.472290e+06 
  4.109510e-14 6.771152e+06 
  4.112845e-14 6.988974e+06 
  4.116181e-14 7.123232e+06 
  4.119517e-14 7.172259e+06 
  4.122852e-14 7.135078e+06 
  4.126188e-14 7.011748e+06 
  4.129523e-14 6.803838e+06 
  4.132859e-14 6.514524e+06 
  4.136195e-14 6.148202e+06 
  4.139530e-14 5.710020e+06 
  4.142866e-14 5.205785e+06 
  4.146202e-14 4.642227e+06 
  4.149537e-14 4.027220e+06 
  4.152873e-14 3.369578e+06 
  4.156209e-14 2.678523e+06 
  4.159544e-14 1.963308e+06 
  4.162880e-14 1.233323e+06 
  4.166216e-14 4.984999e+05 
  4.169551e-14 -2.305189e+05 
  4.172887e-14 -9.427580e+05 
  4.176222e-14 -1.627636e+06 
  4.179558e-14 -2.275514e+06 
  4.182894e-14 -2.877755e+06 
  4.186229e-14 -3.426477e+06 
  4.189565e-14 -3.914397e+06 
  4.192901e-14 -4.334966e+06 
  4.196236e-14 -4.682599e+06 
  4.199572e-14 -4.952702e+06 
  4.202908e-14 -5.141482e+06 
  4.206243e-14 -5.245856e+06 
  4.209579e-14 -5.263697e+06 
  4.212915e-14 -5.194316e+06 
  4.216250e-14 -5.038744e+06 
  4.219586e-14 -4.799549e+06 
  4.222921e-14 -4.480362e+06 
  4.226257e-14 -4.085547e+06 
  4.229593e-14 -3.620285e+06 
  4.232928e-14 -3.090873e+06 
  4.236264e-14 -2.504807e+06 
  4.239600e-14 -1.870488e+06 
  4.242935e-14 -1.196781e+06 
  4.246271e-14 -4.928311e+05 
  4.249607e-14 2.317922e+05 
  4.252942e-14 9.669338e+05 
  4.256278e-14 1.702044e+06 
  4.259613e-14 2.426693e+06 
  4.262949e-14 3.131007e+06 
  4.266285e-14 3.805665e+06 
  4.269620e-14 4.441571e+06 
  4.272956e-14 5.029671e+06 
  4.276292e-14 5.561258e+06 
  4.279627e-14 6.028605e+06 
  4.282963e-14 6.425394e+06 
  4.286299e-14 6.746598e+06 
  4.289634e-14 6.988041e+06 
  4.292970e-14 7.146166e+06 
  4.296306e-14 7.218298e+06 
  4.299641e-14 7.203177e+06 
  4.302977e-14 7.101212e+06 
  4.306312e-14 6.914227e+06 
  4.309648e-14 6.644987e+06 
  4.312984e-14 6.296986e+06 
  4.316319e-14 5.874692e+06 
  4.319655e-14 5.383891e+06 
  4.322991e-14 4.831703e+06 
  4.326326e-14 4.226142e+06 
  4.329662e-14 3.575635e+06 
  4.332998e-14 2.888882e+06 
  4.336333e-14 2.175120e+06 
  4.339669e-14 1.444342e+06 
  4.343005e-14 7.071178e+05 
  4.346340e-14 -2.595667e+04 
  4.349676e-14 -7.447429e+05 
  4.353011e-14 -1.439630e+06 
  4.356347e-14 -2.101285e+06 
  4.359683e-14 -2.720500e+06 
  4.363018e-14 -3.288408e+06 
  4.366354e-14 -3.796938e+06 
  4.369690e-14 -4.239101e+06 
  4.373025e-14 -4.608932e+06 
  4.376361e-14 -4.901280e+06 
  4.379697e-14 -5.111804e+06 
  4.383032e-14 -5.237268e+06 
  4.386368e-14 -5.275874e+06 
  4.389703e-14 -5.227301e+06 
  4.393039e-14 -5.092438e+06 
  4.396375e-14 -4.873128e+06 
  4.399710e-14 -4.572212e+06 
  4.403046e-14 -4.193783e+06 
  4.406382e-14 -3.743306e+06 
  4.409717e-14 -3.227374e+06 
  4.413053e-14 -2.653250e+06 
  4.416389e-14 -2.028616e+06 
  4.419724e-14 -1.361710e+06 
  4.423060e-14 -6.616116e+05 
  4.426396e-14 6.173636e+04 
  4.429731e-14 7.979247e+05 
  4.433067e-14 1.536606e+06 
  4.436402e-14 2.267725e+06 
  4.439738e-14 2.981369e+06 
  4.443074e-14 3.667563e+06 
  4.446409e-14 4.316419e+06 
  4.449745e-14 4.918642e+06 
  4.453081e-14 5.465984e+06 
  4.456416e-14 5.951283e+06 
  4.459752e-14 6.368129e+06 
  4.463088e-14 6.710618e+06 
  4.466423e-14 6.973544e+06 
  4.469759e-14 7.152919e+06 
  4.473095e-14 7.246341e+06 
  4.476430e-14 7.252869e+06 
  4.479766e-14 7.172599e+06 
  4.483101e-14 7.006418e+06 
  4.486437e-14 6.756216e+06 
  4.489773e-14 6.425335e+06 
  4.493108e-14 6.018741e+06 
  4.496444e-14 5.542677e+06 
  4.499780e-14 5.004072e+06 
  4.503115e-14 4.410198e+06 
  4.506451e-14 3.768804e+06 
  4.509787e-14 3.088446e+06 
  4.513122e-14 2.378566e+06 
  4.516458e-14 1.649184e+06 
  4.519793e-14 9.104810e+05 
  4.523129e-14 1.726230e+05 
  4.526465e-14 -5.541283e+05 
  4.529800e-14 -1.259351e+06 
  4.533136e-14 -1.932741e+06 
  4.536472e-14 -2.564639e+06 
  4.539807e-14 -3.146436e+06 
  4.543143e-14 -3.670543e+06 
  4.546479e-14 -4.130073e+06 
  4.549814e-14 -4.518647e+06 
  4.553150e-14 -4.830574e+06 
  4.556486e-14 -5.061276e+06 
  4.559821e-14 -5.207562e+06 
  4.563157e-14 -5.267568e+06 
  4.566492e-14 -5.240532e+06 
  4.569828e-14 -5.126723e+06 
  4.573164e-14 -4.927598e+06 
  4.576499e-14 -4.645974e+06 
  4.579835e-14 -4.285930e+06 
  4.583171e-14 -3.852490e+06 
  4.586506e-14 -3.351403e+06 
  4.589842e-14 -2.789239e+06 
  4.593178e-14 -2.173679e+06 
  4.596513e-14 -1.513589e+06 
  4.599849e-14 -8.186669e+05 
  4.603185e-14 -9.885249e+04 
  4.606520e-14 6.360335e+05 
  4.609856e-14 1.376207e+06 
  4.613191e-14 2.111628e+06 
  4.616527e-14 2.831932e+06 
  4.619863e-14 3.526798e+06 
  4.623198e-14 4.186454e+06 
  4.626534e-14 4.801926e+06 
  4.629870e-14 5.364907e+06 
  4.633205e-14 5.867545e+06 
  4.636541e-14 6.302546e+06 
  4.639877e-14 6.663610e+06 
  4.643212e-14 6.945817e+06 
  4.646548e-14 7.145613e+06 
  4.649883e-14 7.260450e+06 
  4.653219e-14 7.288512e+06 
  4.656555e-14 7.228890e+06 
  4.659890e-14 7.082082e+06 
  4.663226e-14 6.850326e+06 
  4.666562e-14 6.537419e+06 
  4.669897e-14 6.148165e+06 
  4.673233e-14 5.687947e+06 
  4.676569e-14 5.162777e+06 
  4.679904e-14 4.579643e+06 
  4.683240e-14 3.946714e+06 
  4.686576e-14 3.273103e+06 
  4.689911e-14 2.568380e+06 
  4.693247e-14 1.842239e+06 
  4.696582e-14 1.104510e+06 
  4.699918e-14 3.653188e+05 
  4.703254e-14 -3.649738e+05 
  4.706589e-14 -1.076115e+06 
  4.709925e-14 -1.758328e+06 
  4.713261e-14 -2.402381e+06 
  4.716596e-14 -2.999396e+06 
  4.719932e-14 -3.540720e+06 
  4.723268e-14 -4.018185e+06 
  4.726603e-14 -4.424647e+06 
  4.729939e-14 -4.754435e+06 
  4.733275e-14 -5.003371e+06 
  4.736610e-14 -5.168480e+06 
  4.739946e-14 -5.247724e+06 
  4.743281e-14 -5.240033e+06 
  4.746617e-14 -5.145512e+06 
  4.749953e-14 -4.965527e+06 
  4.753288e-14 -4.702569e+06 
  4.756624e-14 -4.360061e+06 
  4.759960e-14 -3.942386e+06 
  4.763295e-14 -3.455125e+06 
  4.766631e-14 -2.905202e+06 
  4.769967e-14 -2.300671e+06 
  4.773302e-14 -1.650229e+06 
  4.776638e-14 -9.628249e+05 
  4.779973e-14 -2.476619e+05 
  4.783309e-14 4.855337e+05 
  4.786645e-14 1.226398e+06 
  4.789980e-14 1.964230e+06 
  4.793316e-14 2.688546e+06 
  4.796652e-14 3.389448e+06 
  4.799987e-14 4.057564e+06 
  4.803323e-14 4.683791e+06 
  4.806659e-14 5.259241e+06 
  4.809994e-14 5.775587e+06 
  4.813330e-14 6.225548e+06 
  4.816666e-14 6.603083e+06 
  4.820001e-14 6.903203e+06 
  4.823337e-14 7.121701e+06 
  4.826672e-14 7.255195e+06 
  4.830008e-14 7.301532e+06 
  4.833344e-14 7.260164e+06 
  4.836679e-14 7.132115e+06 
  4.840015e-14 6.919555e+06 
  4.843351e-14 6.625407e+06 
  4.846686e-14 6.253369e+06 
  4.850022e-14 5.808286e+06 
  4.853358e-14 5.296421e+06 
  4.856693e-14 4.725285e+06 
  4.860029e-14 4.103101e+06 
  4.863365e-14 3.438372e+06 
  4.866700e-14 2.739862e+06 
  4.870036e-14 2.016884e+06 
  4.873371e-14 1.279472e+06 
  4.876707e-14 5.381824e+05 
  4.880043e-14 -1.963540e+05 
  4.883378e-14 -9.137576e+05 
  4.886714e-14 -1.603952e+06 
  4.890050e-14 -2.257119e+06 
  4.893385e-14 -2.863862e+06 
  4.896721e-14 -3.415601e+06 
  4.900057e-14 -3.904917e+06 
  4.903392e-14 -4.325564e+06 
  4.906728e-14 -4.672158e+06 
  4.910063e-14 -4.939926e+06 
  4.913399e-14 -5.124808e+06 
  4.916735e-14 -5.223856e+06 
  4.920070e-14 -5.235579e+06 
  4.923406e-14 -5.159959e+06 
  4.926742e-14 -4.998195e+06 
  4.930077e-14 -4.752519e+06 
  4.933413e-14 -4.426241e+06 
  4.936749e-14 -4.023908e+06 
  4.940084e-14 -3.551270e+06 
  4.943420e-14 -3.015016e+06 
  4.946756e-14 -2.422471e+06 
  4.950091e-14 -1.781565e+06 
  4.953427e-14 -1.101038e+06 
  4.956762e-14 -3.905635e+05 
  4.960098e-14 3.395098e+05 
  4.963434e-14 1.078706e+06 
  4.966769e-14 1.816858e+06 
  4.970105e-14 2.544124e+06 
  4.973441e-14 3.250693e+06 
  4.976776e-14 3.926628e+06 
  4.980112e-14 4.562129e+06 
  4.983448e-14 5.148082e+06 
  4.986783e-14 5.676444e+06 
  4.990119e-14 6.140211e+06 
  4.993455e-14 6.533130e+06 
  4.996790e-14 6.849592e+06 
  5.000126e-14 7.084896e+06 
  5.003461e-14 7.235658e+06 
  5.006797e-14 7.299966e+06 
  5.010133e-14 7.277156e+06 
  5.013468e-14 7.167502e+06 
  5.016804e-14 6.972199e+06 
  5.020140e-14 6.693705e+06 
  5.023475e-14 6.336053e+06 
  5.026811e-14 5.904750e+06 
  5.030147e-14 5.406268e+06 
  5.033482e-14 4.847538e+06 
  5.036818e-14 4.235867e+06 
  5.040153e-14 3.579250e+06 
  5.043489e-14 2.886676e+06 
  5.046825e-14 2.168041e+06 
  5.050160e-14 1.433684e+06 
  5.053496e-14 6.939354e+05 
  5.056832e-14 -4.103472e+04 
  5.060167e-14 -7.611105e+05 
  5.063503e-14 -1.456194e+06 
  5.066839e-14 -2.116433e+06 
  5.070174e-14 -2.732581e+06 
  5.073510e-14 -3.296184e+06 
  5.076846e-14 -3.799508e+06 
  5.080181e-14 -4.235418e+06 
  5.083517e-14 -4.597522e+06 
  5.086852e-14 -4.880568e+06 
  5.090188e-14 -5.080807e+06 
  5.093524e-14 -5.195991e+06 
  5.096859e-14 -5.225026e+06 
  5.100195e-14 -5.167631e+06 
  5.103531e-14 -5.024313e+06 
  5.106866e-14 -4.796635e+06 
  5.110202e-14 -4.487465e+06 
  5.113538e-14 -4.100975e+06 
  5.116873e-14 -3.642439e+06 
  5.120209e-14 -3.118114e+06 
  5.123545e-14 -2.535308e+06 
  5.126880e-14 -1.902454e+06 
  5.130216e-14 -1.228914e+06 
  5.133551e-14 -5.245046e+05 
  5.136887e-14 2.009709e+05 
  5.140223e-14 9.378159e+05 
  5.143558e-14 1.676190e+06 
  5.146894e-14 2.405877e+06 
  5.150230e-14 3.116433e+06 
  5.153565e-14 3.797686e+06 
  5.156901e-14 4.440202e+06 
  5.160237e-14 5.035358e+06 
  5.163572e-14 5.575099e+06 
  5.166908e-14 6.051767e+06 
  5.170243e-14 6.458318e+06 
  5.173579e-14 6.788812e+06 
  5.176915e-14 7.038753e+06 
  5.180250e-14 7.205019e+06 
  5.183586e-14 7.285532e+06 
  5.186922e-14 7.279087e+06 
  5.190257e-14 7.185534e+06 
  5.193593e-14 7.006101e+06 
  5.196929e-14 6.743485e+06 
  5.200264e-14 6.401550e+06 
  5.203600e-14 5.984947e+06 
  5.206936e-14 5.499028e+06 
  5.210271e-14 4.950143e+06 
  5.213607e-14 4.345970e+06 
  5.216942e-14 3.695439e+06 
  5.220278e-14 3.008226e+06 
  5.223614e-14 2.294157e+06 
  5.226949e-14 1.562956e+06 
  5.230285e-14 8.243871e+05 
  5.233621e-14 8.848335e+04 
  5.236956e-14 -6.344994e+05 
  5.240292e-14 -1.334402e+06 
  5.243628e-14 -2.001486e+06 
  5.246963e-14 -2.626526e+06 
  5.250299e-14 -3.200758e+06 
  5.253634e-14 -3.715935e+06 
  5.256970e-14 -4.164643e+06 
  5.260306e-14 -4.540667e+06 
  5.263641e-14 -4.839101e+06 
  5.266977e-14 -5.056138e+06 
  5.270313e-14 -5.188792e+06 
  5.273648e-14 -5.234888e+06 
  5.276984e-14 -5.193377e+06 
  5.280320e-14 -5.064689e+06 
  5.283655e-14 -4.850793e+06 
  5.286991e-14 -4.554949e+06 
  5.290327e-14 -4.181417e+06 
  5.293662e-14 -3.735377e+06 
  5.296998e-14 -3.223038e+06 
  5.300333e-14 -2.651659e+06 
  5.303669e-14 -2.029319e+06 
  5.307005e-14 -1.364587e+06 
  5.310340e-14 -6.663815e+05 
  5.313676e-14 5.588316e+04 
  5.317012e-14 7.921096e+05 
  5.320347e-14 1.531637e+06 
  5.323683e-14 2.263729e+06 
  5.327019e-14 2.978103e+06 
  5.330354e-14 3.665123e+06 
  5.333690e-14 4.315590e+06 
  5.337026e-14 4.920496e+06 
  5.340361e-14 5.471111e+06 
  5.343697e-14 5.959434e+06 
  5.347032e-14 6.378641e+06 
  5.350368e-14 6.723170e+06 
  5.353704e-14 6.988478e+06 
  5.357039e-14 7.170816e+06 
  5.360375e-14 7.267353e+06 
  5.363711e-14 7.276542e+06 
  5.367046e-14 7.198369e+06 
  5.370382e-14 7.034224e+06 
  5.373718e-14 6.786532e+06 
  5.377053e-14 6.458557e+06 
  5.380389e-14 6.054561e+06 
  5.383724e-14 5.580107e+06 
  5.387060e-14 5.042119e+06 
  5.390396e-14 4.448502e+06 
  5.393731e-14 3.807619e+06 
  5.397067e-14 3.128035e+06 
  5.400403e-14 2.418683e+06 
  5.403738e-14 1.689162e+06 
  5.407074e-14 9.497850e+05 
  5.410410e-14 2.112345e+05 
  5.413745e-14 -5.159180e+05 
  5.417081e-14 -1.221482e+06 
  5.420417e-14 -1.895650e+06 
  5.423752e-14 -2.528965e+06 
  5.427088e-14 -3.112487e+06 
  5.430423e-14 -3.638123e+06 
  5.433759e-14 -4.098836e+06 
  5.437095e-14 -4.488571e+06 
  5.440430e-14 -4.802033e+06 
  5.443766e-14 -5.034635e+06 
  5.447102e-14 -5.182760e+06 
  5.450437e-14 -5.244148e+06 
  5.453773e-14 -5.218064e+06 
  5.457109e-14 -5.105132e+06 
  5.460444e-14 -4.907041e+06 
  5.463780e-14 -4.626433e+06 
  5.467116e-14 -4.267043e+06 
  5.470451e-14 -3.833864e+06 
  5.473787e-14 -3.333069e+06 
  5.477122e-14 -2.771728e+06 
  5.480458e-14 -2.157559e+06 
  5.483794e-14 -1.498931e+06 
  5.487129e-14 -8.050093e+05 
  5.490465e-14 -8.573317e+04 
  5.493801e-14 6.485278e+05 
  5.497136e-14 1.387459e+06 
  5.500472e-14 2.121056e+06 
  5.503808e-14 2.839506e+06 
  5.507143e-14 3.532939e+06 
  5.510479e-14 4.191433e+06 
  5.513814e-14 4.805420e+06 
  5.517150e-14 5.366192e+06 
  5.520486e-14 5.866141e+06 
  5.523821e-14 6.298606e+06 
  5.527157e-14 6.657629e+06 
  5.530493e-14 6.937987e+06 
  5.533828e-14 7.135530e+06 
  5.537164e-14 7.247529e+06 
  5.540500e-14 7.272683e+06 
  5.543835e-14 7.210824e+06 
  5.547171e-14 7.062662e+06 
  5.550507e-14 6.829870e+06 
  5.553842e-14 6.515432e+06 
  5.557178e-14 6.123859e+06 
  5.560513e-14 5.661005e+06 
  5.563849e-14 5.133608e+06 
  5.567185e-14 4.548942e+06 
  5.570520e-14 3.914849e+06 
  5.573856e-14 3.239984e+06 
  5.577192e-14 2.533897e+06 
  5.580527e-14 1.806748e+06 
  5.583863e-14 1.068821e+06 
  5.587199e-14 3.302231e+05 
  5.590534e-14 -3.990914e+05 
  5.593870e-14 -1.109162e+06 
  5.597206e-14 -1.790045e+06 
  5.600541e-14 -2.432104e+06 
  5.603877e-14 -3.026359e+06 
  5.607212e-14 -3.564613e+06 
  5.610548e-14 -4.039369e+06 
  5.613884e-14 -4.443780e+06 
  5.617219e-14 -4.771848e+06 
  5.620555e-14 -5.018813e+06 
  5.623891e-14 -5.181403e+06 
  5.627226e-14 -5.257763e+06 
  5.630562e-14 -5.247168e+06 
  5.633898e-14 -5.149832e+06 
  5.637233e-14 -4.966986e+06 
  5.640569e-14 -4.701080e+06 
  5.643904e-14 -4.355839e+06 
  5.647240e-14 -3.936081e+06 
  5.650576e-14 -3.447484e+06 
  5.653911e-14 -2.896552e+06 
  5.657247e-14 -2.290775e+06 
  5.660583e-14 -1.638733e+06 
  5.663918e-14 -9.498872e+05 
  5.667254e-14 -2.341234e+05 
  5.670590e-14 4.986200e+05 
  5.673925e-14 1.238400e+06 
  5.677261e-14 1.975091e+06 
  5.680597e-14 2.698317e+06 
  5.683932e-14 3.397727e+06 
  5.687268e-14 4.063458e+06 
  5.690603e-14 4.686422e+06 
  5.693939e-14 5.258250e+06 
  5.697275e-14 5.771069e+06 
  5.700610e-14 6.217488e+06 
  5.703946e-14 6.590933e+06 
  5.707282e-14 6.886088e+06 
  5.710617e-14 7.099064e+06 
  5.713953e-14 7.227203e+06 
  5.717289e-14 7.268777e+06 
  5.720624e-14 7.222965e+06 
  5.723960e-14 7.090137e+06 
  5.727296e-14 6.872163e+06 
  5.730631e-14 6.572380e+06 
  5.733967e-14 6.195238e+06 
  5.737302e-14 5.745938e+06 
  5.740638e-14 5.230393e+06 
  5.743974e-14 4.655474e+06 
  5.747309e-14 4.029205e+06 
  5.750645e-14 3.360602e+06 
  5.753981e-14 2.659241e+06 
  5.757316e-14 1.934881e+06 
  5.760652e-14 1.197394e+06 
  5.763988e-14 4.569026e+05 
  5.767323e-14 -2.761936e+05 
  5.770659e-14 -9.914853e+05 
  5.773994e-14 -1.678952e+06 
  5.777330e-14 -2.329193e+06 
  5.780666e-14 -2.933383e+06 
  5.784001e-14 -3.483127e+06 
  5.787337e-14 -3.970530e+06 
  5.790673e-14 -4.388514e+06 
  5.794008e-14 -4.731176e+06 
  5.797344e-14 -4.993897e+06 
  5.800680e-14 -5.173209e+06 
  5.804015e-14 -5.266643e+06 
  5.807351e-14 -5.272791e+06 
  5.810687e-14 -5.191518e+06 
  5.814022e-14 -5.024091e+06 
  5.817358e-14 -4.773043e+06 
  5.820693e-14 -4.441910e+06 
  5.824029e-14 -4.035096e+06 
  5.827365e-14 -3.557999e+06 
  5.830700e-14 -3.017189e+06 
  5.834036e-14 -2.420381e+06 
  5.837372e-14 -1.776121e+06 
  5.840707e-14 -1.093408e+06 
  5.844043e-14 -3.815616e+05 
  5.847379e-14 3.496749e+05 
  5.850714e-14 1.090040e+06 
  5.854050e-14 1.828943e+06 
  5.857386e-14 2.555890e+06 
  5.860721e-14 3.260855e+06 
  5.864057e-14 3.934320e+06 
  5.867392e-14 4.567094e+06 
  5.870728e-14 5.150234e+06 
  5.874064e-14 5.675295e+06 
  5.877399e-14 6.134786e+06 
  5.880735e-14 6.522455e+06 
  5.884071e-14 6.833206e+06 
  5.887406e-14 7.062843e+06 
  5.890742e-14 7.207968e+06 
  5.894078e-14 7.266232e+06 
  5.897413e-14 7.236708e+06 
  5.900749e-14 7.120016e+06 
  5.904084e-14 6.918090e+06 
  5.907420e-14 6.633818e+06 
  5.910756e-14 6.270921e+06 
  5.914091e-14 5.834154e+06 
  5.917427e-14 5.329548e+06 
  5.920763e-14 4.764378e+06 
  5.924098e-14 4.146803e+06 
  5.927434e-14 3.485463e+06 
  5.930770e-14 2.789345e+06 
  5.934105e-14 2.067919e+06 
  5.937441e-14 1.331243e+06 
  5.940777e-14 5.897814e+05 
  5.944112e-14 -1.459897e+05 
  5.947448e-14 -8.659204e+05 
  5.950783e-14 -1.560234e+06 
  5.954119e-14 -2.219392e+06 
  5.957455e-14 -2.834068e+06 
  5.960790e-14 -3.395402e+06 
  5.964126e-14 -3.895380e+06 
  5.967462e-14 -4.327079e+06 
  5.970797e-14 -4.684641e+06 
  5.974133e-14 -4.963150e+06 
  5.977469e-14 -5.158658e+06 
  5.980804e-14 -5.268404e+06 
  5.984140e-14 -5.291008e+06 
  5.987476e-14 -5.226446e+06 
  5.990811e-14 -5.075809e+06 
  5.994147e-14 -4.841104e+06 
  5.997482e-14 -4.525302e+06 
  6.000818e-14 -4.132551e+06 
  6.004154e-14 -3.668281e+06 
  6.007489e-14 -3.139054e+06 
  6.010825e-14 -2.552257e+06 
  6.014161e-14 -1.915924e+06 
  6.017496e-14 -1.238787e+06 
  6.020832e-14 -5.303733e+05 
  6.024168e-14 1.991099e+05 
  6.027503e-14 9.391733e+05 
  6.030839e-14 1.679471e+06 
  6.034174e-14 2.409960e+06 
  6.037510e-14 3.120771e+06 
  6.040846e-14 3.802060e+06 
  6.044181e-14 4.444146e+06 
  6.047517e-14 5.037900e+06 
  6.050853e-14 5.575104e+06 
  6.054188e-14 6.048503e+06 
  6.057524e-14 6.451624e+06 
  6.060860e-14 6.778673e+06 
  6.064195e-14 7.024749e+06 
  6.067531e-14 7.186246e+06 
  6.070867e-14 7.261106e+06 
  6.074202e-14 7.248691e+06 
  6.077538e-14 7.149430e+06 
  6.080873e-14 6.964611e+06 
  6.084209e-14 6.696505e+06 
  6.087545e-14 6.348646e+06 
  6.090880e-14 5.925939e+06 
  6.094216e-14 5.434433e+06 
  6.097552e-14 4.880969e+06 
  6.100887e-14 4.273024e+06 
  6.104223e-14 3.618828e+06 
  6.107559e-14 2.927538e+06 
  6.110894e-14 2.209136e+06 
  6.114230e-14 1.474023e+06 
  6.117566e-14 7.325789e+05 
  6.120901e-14 -5.039156e+03 
  6.124237e-14 -7.288226e+05 
  6.127572e-14 -1.428819e+06 
  6.130908e-14 -2.095259e+06 
  6.134244e-14 -2.718868e+06 
  6.137579e-14 -3.291120e+06 
  6.140915e-14 -3.804252e+06 
  6.144251e-14 -4.251137e+06 
  6.147586e-14 -4.625288e+06 
  6.150922e-14 -4.921103e+06 
  6.154258e-14 -5.134214e+06 
  6.157593e-14 -5.261678e+06 
  6.160929e-14 -5.301887e+06 
  6.164264e-14 -5.254398e+06 
  6.167600e-14 -5.119882e+06 
  6.170936e-14 -4.900248e+06 
  6.174271e-14 -4.598745e+06 
  6.177607e-14 -4.219838e+06 
  6.180943e-14 -3.768918e+06 
  6.184278e-14 -3.252078e+06 
  6.187614e-14 -2.676155e+06 
  6.190950e-14 -2.048915e+06 
  6.194285e-14 -1.379120e+06 
  6.197621e-14 -6.763004e+05 
  6.200957e-14 4.963180e+04 
  6.204292e-14 7.886336e+05 
  6.207628e-14 1.530532e+06 
  6.210963e-14 2.264942e+06 
  6.214299e-14 2.981378e+06 
  6.217635e-14 3.669634e+06 
  6.220970e-14 4.320176e+06 
  6.224306e-14 4.924278e+06 
  6.227642e-14 5.473851e+06 
  6.230977e-14 5.961256e+06 
  6.234313e-14 6.379407e+06 
  6.237649e-14 6.722149e+06 
  6.240984e-14 6.984637e+06 
  6.244320e-14 7.163397e+06 
  6.247656e-14 7.256127e+06 
  6.250991e-14 7.261508e+06 
  6.254327e-14 7.179296e+06 
  6.257662e-14 7.010596e+06 
  6.260998e-14 6.758011e+06 
  6.264334e-14 6.425445e+06 
  6.267669e-14 6.017714e+06 
  6.271005e-14 5.540279e+06 
  6.274341e-14 4.999324e+06 
  6.277676e-14 4.402013e+06 
  6.281012e-14 3.756597e+06 
  6.284348e-14 3.072206e+06 
  6.287683e-14 2.358481e+06 
  6.291019e-14 1.625339e+06 
  6.294354e-14 8.829849e+05 
  6.297690e-14 1.419610e+05 
  6.301026e-14 -5.870104e+05 
  6.304361e-14 -1.293429e+06 
  6.307697e-14 -1.967425e+06 
  6.311033e-14 -2.599912e+06 
  6.314368e-14 -3.182477e+06 
  6.317704e-14 -3.707249e+06 
  6.321040e-14 -4.166964e+06 
  6.324375e-14 -4.555216e+06 
  6.327711e-14 -4.866652e+06 
  6.331047e-14 -5.096985e+06 
  6.334382e-14 -5.242883e+06 
  6.337718e-14 -5.301980e+06 
  6.341053e-14 -5.273097e+06 
  6.344389e-14 -5.156503e+06 
  6.347725e-14 -4.953989e+06 
  6.351060e-14 -4.668659e+06 
  6.354396e-14 -4.304663e+06 
  6.357732e-14 -3.867073e+06 
  6.361067e-14 -3.361964e+06 
  6.364403e-14 -2.796467e+06 
  6.367739e-14 -2.178622e+06 
  6.371074e-14 -1.517060e+06 
  6.374410e-14 -8.207657e+05 
  6.377746e-14 -9.908708e+04 
  6.381081e-14 6.381078e+05 
  6.384417e-14 1.380419e+06 
  6.387752e-14 2.117204e+06 
  6.391088e-14 2.838017e+06 
  6.394424e-14 3.532900e+06 
  6.397759e-14 4.192376e+06 
  6.401095e-14 4.807317e+06 
  6.404431e-14 5.368994e+06 
  6.407766e-14 5.869385e+06 
  6.411102e-14 6.301543e+06 
  6.414438e-14 6.659714e+06 
  6.417773e-14 6.939162e+06 
  6.421109e-14 7.135961e+06 
  6.424444e-14 7.247050e+06 
  6.427780e-14 7.270559e+06 
  6.431116e-14 7.206135e+06 
  6.434451e-14 7.054948e+06 
  6.437787e-14 6.819409e+06 
  6.441123e-14 6.502872e+06 
  6.444458e-14 6.109598e+06 
  6.447794e-14 5.644931e+06 
  6.451130e-14 5.115407e+06 
  6.454465e-14 4.528586e+06 
  6.457801e-14 3.892685e+06 
  6.461137e-14 3.216330e+06 
  6.464472e-14 2.508578e+06 
  6.467808e-14 1.779096e+06 
  6.471143e-14 1.038187e+06 
  6.474479e-14 2.965131e+05 
  6.477815e-14 -4.353308e+05 
  6.481150e-14 -1.147108e+06 
  6.484486e-14 -1.828979e+06 
  6.487822e-14 -2.471452e+06 
  6.491157e-14 -3.065472e+06 
  6.494493e-14 -3.602710e+06 
  6.497829e-14 -4.075839e+06 
  6.501164e-14 -4.478597e+06 
  6.504500e-14 -4.805644e+06 
  6.507835e-14 -5.052449e+06 
  6.511171e-14 -5.215377e+06 
  6.514507e-14 -5.291940e+06 
  6.517842e-14 -5.280985e+06 
  6.521178e-14 -5.182661e+06 
  6.524514e-14 -4.998272e+06 
  6.527849e-14 -4.730208e+06 
  6.531185e-14 -4.382069e+06 
  6.534521e-14 -3.958792e+06 
  6.537856e-14 -3.466584e+06 
  6.541192e-14 -2.912615e+06 
  6.544528e-14 -2.304678e+06 
  6.547863e-14 -1.651065e+06 
  6.551199e-14 -9.606621e+05 
  6.554534e-14 -2.430382e+05 
  6.557870e-14 4.916995e+05 
  6.561206e-14 1.233245e+06 
  6.564541e-14 1.971383e+06 
  6.567877e-14 2.696043e+06 
  6.571213e-14 3.397195e+06 
  6.574548e-14 4.064877e+06 
  6.577884e-14 4.689487e+06 
  6.581220e-14 5.262211e+06 
  6.584555e-14 5.775267e+06 
  6.587891e-14 6.221833e+06 
  6.591227e-14 6.595831e+06 
  6.594562e-14 6.891888e+06 
  6.597898e-14 7.105596e+06 
  6.601233e-14 7.233860e+06 
  6.604569e-14 7.275036e+06 
  6.607905e-14 7.228757e+06 
  6.611240e-14 7.095682e+06 
  6.614576e-14 6.877451e+06 
  6.617912e-14 6.576903e+06 
  6.621247e-14 6.198282e+06 
  6.624583e-14 5.747183e+06 
  6.627919e-14 5.230207e+06 
  6.631254e-14 4.654604e+06 
  6.634590e-14 4.028166e+06 
  6.637925e-14 3.359353e+06 
  6.641261e-14 2.657383e+06 
  6.644597e-14 1.932094e+06 
  6.647932e-14 1.193610e+06 
  6.651268e-14 4.520905e+05 
  6.654604e-14 -2.823004e+05 
  6.657939e-14 -9.992997e+05 
  6.661275e-14 -1.688605e+06 
  6.664611e-14 -2.340202e+06 
  6.667946e-14 -2.944794e+06 
  6.671282e-14 -3.494075e+06 
  6.674618e-14 -3.980708e+06 
  6.677953e-14 -4.398193e+06 
  6.681289e-14 -4.740834e+06 
  6.684624e-14 -5.003887e+06 
  6.687960e-14 -5.183735e+06 
  6.691296e-14 -5.277922e+06 
  6.694631e-14 -5.285051e+06 
  6.697967e-14 -5.204742e+06 
  6.701303e-14 -5.037780e+06 
  6.704638e-14 -4.786337e+06 
  6.707974e-14 -4.454062e+06 
  6.711310e-14 -4.045882e+06 
  6.714645e-14 -3.567688e+06 
  6.717981e-14 -3.026124e+06 
  6.721317e-14 -2.428619e+06 
  6.724652e-14 -1.783484e+06 
  6.727988e-14 -1.099841e+06 
  6.731323e-14 -3.873360e+05 
  6.734659e-14 3.441815e+05 
  6.737995e-14 1.084779e+06 
  6.741330e-14 1.824355e+06 
  6.744666e-14 2.552581e+06 
  6.748002e-14 3.259081e+06 
  6.751337e-14 3.933815e+06 
  6.754673e-14 4.567411e+06 
  6.758009e-14 5.151233e+06 
  6.761344e-14 5.677261e+06 
  6.764680e-14 6.138064e+06 
  6.768015e-14 6.527017e+06 
  6.771351e-14 6.838664e+06 
  6.774687e-14 7.068893e+06 
  6.778022e-14 7.214809e+06 
  6.781358e-14 7.274448e+06 
  6.784694e-14 7.246686e+06 
  6.788029e-14 7.131469e+06 
  6.791365e-14 6.930159e+06 
  6.794701e-14 6.645694e+06 
  6.798036e-14 6.282394e+06 
  6.801372e-14 5.845611e+06 
  6.804708e-14 5.341514e+06 
  6.808043e-14 4.777104e+06 
  6.811379e-14 4.160272e+06 
  6.814714e-14 3.499700e+06 
  6.818050e-14 2.804561e+06 
  6.821386e-14 2.084265e+06 
  6.824721e-14 1.348427e+06 
  6.828057e-14 6.070189e+05 
  6.831393e-14 -1.295651e+05 
  6.834728e-14 -8.507230e+05 
  6.838064e-14 -1.546073e+06 
  6.841400e-14 -2.205813e+06 
  6.844735e-14 -2.820824e+06 
  6.848071e-14 -3.382593e+06 
  6.851407e-14 -3.883202e+06 
  6.854742e-14 -4.315514e+06 
  6.858078e-14 -4.673467e+06 
  6.861413e-14 -4.952239e+06 
  6.864749e-14 -5.148204e+06 
  6.868085e-14 -5.258819e+06 
  6.871420e-14 -5.282596e+06 
  6.874756e-14 -5.219220e+06 
  6.878092e-14 -5.069637e+06 
  6.881427e-14 -4.835967e+06 
  6.884763e-14 -4.521320e+06 
  6.888099e-14 -4.129705e+06 
  6.891434e-14 -3.666156e+06 
  6.894770e-14 -3.136956e+06 
  6.898105e-14 -2.549688e+06 
  6.901441e-14 -1.912970e+06 
  6.904777e-14 -1.236028e+06 
  6.908112e-14 -5.283778e+05 
  6.911448e-14 2.002292e+05 
  6.914784e-14 9.397477e+05 
  6.918119e-14 1.679886e+06 
  6.921455e-14 2.410347e+06 
  6.924791e-14 3.121103e+06 
  6.928126e-14 3.802485e+06 
  6.931462e-14 4.445119e+06 
  6.934798e-14 5.039892e+06 
  6.938133e-14 5.578178e+06 
  6.941469e-14 6.052250e+06 
  6.944804e-14 6.455597e+06 
  6.948140e-14 6.782928e+06 
  6.951476e-14 7.029934e+06 
  6.954811e-14 7.193133e+06 
  6.958147e-14 7.269993e+06 
  6.961483e-14 7.259252e+06 
  6.964818e-14 7.161128e+06 
  6.968154e-14 6.977211e+06 
  6.971490e-14 6.710172e+06 
  6.974825e-14 6.363570e+06 
  6.978161e-14 5.941929e+06 
  6.981497e-14 5.450959e+06 
  6.984832e-14 4.897627e+06 
  6.988168e-14 4.289941e+06 
  6.991503e-14 3.636608e+06 
  6.994839e-14 2.946799e+06 
  6.998175e-14 2.230104e+06 
  7.001510e-14 1.496537e+06 
  7.004846e-14 7.563684e+05 
  7.008182e-14 1.981068e+04 
  7.011517e-14 -7.032344e+05 
  7.014853e-14 -1.403182e+06 
  7.018189e-14 -2.070575e+06 
  7.021524e-14 -2.695982e+06 
  7.024860e-14 -3.270183e+06 
  7.028195e-14 -3.784607e+06 
  7.031531e-14 -4.231750e+06 
  7.034867e-14 -4.605355e+06 
  7.038202e-14 -4.900379e+06 
  7.041538e-14 -5.112934e+06 
  7.044874e-14 -5.240312e+06 
  7.048209e-14 -5.281048e+06 
  7.051545e-14 -5.234867e+06 
  7.054881e-14 -5.102519e+06 
  7.058216e-14 -4.885657e+06 
  7.061552e-14 -4.586908e+06 
  7.064888e-14 -4.210104e+06 
  7.068223e-14 -3.760429e+06 
  7.071559e-14 -3.244311e+06 
  7.074894e-14 -2.669101e+06 
  7.078230e-14 -2.042798e+06 
  7.081566e-14 -1.373988e+06 
  7.084901e-14 -6.719323e+05 
  7.088237e-14 5.343992e+04 
  7.091573e-14 7.917759e+05 
  7.094908e-14 1.532668e+06 
 